-174.63333333	0.00022561
-174.60000000	0.00017496
-174.56666666	0.00016509
-174.53333333	0.00007310
-174.50000000	0.00007449
-174.46666666	-0.00003391
-174.43333333	-0.00007440
-174.40000000	-0.00023904
-174.36666666	-0.00025209
-174.33333333	-0.00031797
-174.30000000	-0.00015393
-174.26666666	-0.00017853
-174.23333333	-0.00015805
-174.20000000	-0.00008779
-174.16666666	0.00007054
-174.13333333	0.00008034
-174.10000000	0.00014963
-174.06666666	0.00022952
-174.03333333	0.00025346
-174.00000000	0.00023030
-173.96666666	0.00023247
-173.93333333	0.00018503
-173.90000000	0.00004576
-173.86666666	-0.00008039
-173.83333333	-0.00006786
-173.80000000	-0.00012121
-173.76666666	-0.00015655
-173.73333333	-0.00017855
-173.70000000	-0.00009003
-173.66666666	-0.00010166
-173.63333333	-0.00014367
-173.60000000	-0.00011135
-173.56666666	-0.00008632
-173.53333333	0.00005768
-173.50000000	0.00008163
-173.46666666	0.00009435
-173.43333333	0.00008861
-173.40000000	0.00001819
-173.36666666	0.00007321
-173.33333333	0.00005335
-173.30000000	-0.00005478
-173.26666666	-0.00012335
-173.23333333	-0.00031953
-173.20000000	-0.00048957
-173.16666666	-0.00064477
-173.13333333	-0.00073079
-173.10000000	-0.00082502
-173.06666666	-0.00088867
-173.03333333	-0.00094133
-173.00000000	-0.00086341
-172.96666666	-0.00100156
-172.93333333	-0.00094866
-172.90000000	-0.00094244
-172.86666666	-0.00083859
-172.83333333	-0.00088052
-172.80000000	-0.00081449
-172.76666666	-0.00083980
-172.73333333	-0.00073743
-172.69999999	-0.00072437
-172.66666666	-0.00077720
-172.63333333	-0.00089251
-172.59999999	-0.00104383
-172.56666666	-0.00112410
-172.53333333	-0.00125405
-172.49999999	-0.00144552
-172.46666666	-0.00160850
-172.43333333	-0.00174682
-172.39999999	-0.00165438
-172.36666666	-0.00174344
-172.33333333	-0.00175714
-172.29999999	-0.00174008
-172.26666666	-0.00169712
-172.23333333	-0.00158234
-172.19999999	-0.00145448
-172.16666666	-0.00138043
-172.13333333	-0.00114329
-172.09999999	-0.00097821
-172.06666666	-0.00099503
-172.03333333	-0.00095929
-171.99999999	-0.00093716
-171.96666666	-0.00092666
-171.93333333	-0.00089984
-171.89999999	-0.00102762
-171.86666666	-0.00120156
-171.83333333	-0.00113292
-171.79999999	-0.00125365
-171.76666666	-0.00140921
-171.73333333	-0.00139824
-171.69999999	-0.00156465
-171.66666666	-0.00159634
-171.63333333	-0.00161346
-171.59999999	-0.00159821
-171.56666666	-0.00155358
-171.53333333	-0.00143855
-171.49999999	-0.00123787
-171.46666666	-0.00109377
-171.43333333	-0.00093832
-171.39999999	-0.00085782
-171.36666666	-0.00070624
-171.33333333	-0.00064462
-171.29999999	-0.00056233
-171.26666666	-0.00058088
-171.23333333	-0.00056595
-171.19999999	-0.00059632
-171.16666666	-0.00075115
-171.13333333	-0.00080603
-171.09999999	-0.00105372
-171.06666666	-0.00114773
-171.03333333	-0.00132400
-170.99999999	-0.00140790
-170.96666666	-0.00152076
-170.93333333	-0.00157559
-170.89999999	-0.00165758
-170.86666666	-0.00160770
-170.83333333	-0.00168155
-170.79999999	-0.00164273
-170.76666666	-0.00156430
-170.73333333	-0.00146453
-170.69999999	-0.00147975
-170.66666666	-0.00127378
-170.63333333	-0.00116843
-170.59999999	-0.00132043
-170.56666666	-0.00120723
-170.53333333	-0.00127825
-170.49999999	-0.00132847
-170.46666666	-0.00148971
-170.43333333	-0.00156796
-170.39999999	-0.00175641
-170.36666666	-0.00181149
-170.33333333	-0.00210924
-170.29999999	-0.00216432
-170.26666666	-0.00231560
-170.23333333	-0.00240463
-170.19999999	-0.00255403
-170.16666666	-0.00250512
-170.13333333	-0.00241647
-170.09999999	-0.00244227
-170.06666666	-0.00241453
-170.03333332	-0.00223852
-169.99999999	-0.00214698
-169.96666666	-0.00207853
-169.93333332	-0.00183874
-169.89999999	-0.00175511
-169.86666666	-0.00154011
-169.83333332	-0.00132909
-169.79999999	-0.00120912
-169.76666666	-0.00107218
-169.73333332	-0.00104928
-169.69999999	-0.00099674
-169.66666666	-0.00094091
-169.63333332	-0.00108728
-169.59999999	-0.00107761
-169.56666666	-0.00119151
-169.53333332	-0.00121677
-169.49999999	-0.00142356
-169.46666666	-0.00145600
-169.43333332	-0.00156509
-169.39999999	-0.00157304
-169.36666666	-0.00148071
-169.33333332	-0.00152164
-169.29999999	-0.00130987
-169.26666666	-0.00120707
-169.23333332	-0.00106491
-169.19999999	-0.00084962
-169.16666666	-0.00058750
-169.13333332	-0.00041653
-169.09999999	-0.00027257
-169.06666666	-0.00007859
-169.03333332	0.00007242
-168.99999999	0.00018880
-168.96666666	0.00020835
-168.93333332	0.00023178
-168.89999999	0.00026434
-168.86666666	0.00008793
-168.83333332	0.00000911
-168.79999999	-0.00000866
-168.76666666	-0.00013554
-168.73333332	-0.00038349
-168.69999999	-0.00040824
-168.66666666	-0.00055091
-168.63333332	-0.00071425
-168.59999999	-0.00069478
-168.56666666	-0.00076959
-168.53333332	-0.00075296
-168.49999999	-0.00070627
-168.46666666	-0.00063053
-168.43333332	-0.00046224
-168.39999999	-0.00021844
-168.36666666	-0.00018079
-168.33333332	-0.00005314
-168.29999999	0.00008607
-168.26666666	0.00017829
-168.23333332	0.00035155
-168.19999999	0.00040426
-168.16666666	0.00036637
-168.13333332	0.00034882
-168.09999999	0.00031569
-168.06666666	0.00027305
-168.03333332	0.00016777
-167.99999999	0.00011683
-167.96666666	-0.00003909
-167.93333332	-0.00014643
-167.89999999	-0.00036236
-167.86666666	-0.00055608
-167.83333332	-0.00065621
-167.79999999	-0.00077440
-167.76666666	-0.00081785
-167.73333332	-0.00083369
-167.69999999	-0.00076890
-167.66666666	-0.00086128
-167.63333332	-0.00066561
-167.59999999	-0.00054526
-167.56666666	-0.00050313
-167.53333332	-0.00032882
-167.49999999	-0.00021096
-167.46666666	-0.00013107
-167.43333332	0.00000233
-167.39999999	-0.00005185
-167.36666665	-0.00001185
-167.33333332	0.00000680
-167.29999999	-0.00019820
-167.26666665	-0.00020979
-167.23333332	-0.00043979
-167.19999999	-0.00045009
-167.16666665	-0.00063997
-167.13333332	-0.00092220
-167.09999999	-0.00104122
-167.06666665	-0.00113785
-167.03333332	-0.00123977
-166.99999999	-0.00139132
-166.96666665	-0.00142965
-166.93333332	-0.00145985
-166.89999999	-0.00138470
-166.86666665	-0.00137557
-166.83333332	-0.00115652
-166.79999999	-0.00102004
-166.76666665	-0.00087876
-166.73333332	-0.00070369
-166.69999999	-0.00043617
-166.66666665	-0.00020945
-166.63333332	-0.00006846
-166.59999999	0.00005973
-166.56666665	0.00020010
-166.53333332	0.00026428
-166.49999999	0.00036943
-166.46666665	0.00034723
-166.43333332	0.00029578
-166.39999999	0.00020095
-166.36666665	0.00005232
-166.33333332	0.00007809
-166.29999999	-0.00010126
-166.26666665	-0.00041291
-166.23333332	-0.00045363
-166.19999999	-0.00071637
-166.16666665	-0.00079727
-166.13333332	-0.00090638
-166.09999999	-0.00089143
-166.06666665	-0.00095485
-166.03333332	-0.00089277
-165.99999999	-0.00087391
-165.96666665	-0.00069458
-165.93333332	-0.00059164
-165.89999999	-0.00029135
-165.86666665	-0.00014011
-165.83333332	0.00008246
-165.79999999	0.00015155
-165.76666665	0.00044757
-165.73333332	0.00054790
-165.69999999	0.00063802
-165.66666665	0.00069752
-165.63333332	0.00077393
-165.59999999	0.00073927
-165.56666665	0.00065558
-165.53333332	0.00053792
-165.49999999	0.00034494
-165.46666665	0.00018977
-165.43333332	-0.00010970
-165.39999999	-0.00028281
-165.36666665	-0.00048794
-165.33333332	-0.00082607
-165.29999999	-0.00089201
-165.26666665	-0.00104954
-165.23333332	-0.00133792
-165.19999999	-0.00136208
-165.16666665	-0.00131317
-165.13333332	-0.00133236
-165.09999999	-0.00127494
-165.06666665	-0.00118665
-165.03333332	-0.00093398
-164.99999999	-0.00069343
-164.96666665	-0.00063844
-164.93333332	-0.00026946
-164.89999999	-0.00003035
-164.86666665	0.00004848
-164.83333332	0.00017993
-164.79999999	0.00040334
-164.76666665	0.00047910
-164.73333332	0.00048430
-164.69999998	0.00058398
-164.66666665	0.00049766
-164.63333332	0.00035842
-164.59999998	0.00009112
-164.56666665	-0.00009589
-164.53333332	-0.00035499
-164.49999998	-0.00067845
-164.46666665	-0.00089442
-164.43333332	-0.00117456
-164.39999998	-0.00135711
-164.36666665	-0.00157244
-164.33333332	-0.00177554
-164.29999998	-0.00182742
-164.26666665	-0.00205934
-164.23333332	-0.00206311
-164.19999998	-0.00210637
-164.16666665	-0.00205993
-164.13333332	-0.00207141
-164.09999998	-0.00183019
-164.06666665	-0.00159514
-164.03333332	-0.00148171
-163.99999998	-0.00119484
-163.96666665	-0.00084160
-163.93333332	-0.00063226
-163.89999998	-0.00029186
-163.86666665	-0.00023745
-163.83333332	-0.00004788
-163.79999998	-0.00001518
-163.76666665	0.00005061
-163.73333332	0.00002576
-163.69999998	-0.00006591
-163.66666665	-0.00019411
-163.63333332	-0.00051130
-163.59999998	-0.00069801
-163.56666665	-0.00100558
-163.53333332	-0.00129709
-163.49999998	-0.00158264
-163.46666665	-0.00182690
-163.43333332	-0.00199869
-163.39999998	-0.00232232
-163.36666665	-0.00251496
-163.33333332	-0.00263595
-163.29999998	-0.00266263
-163.26666665	-0.00283417
-163.23333332	-0.00270959
-163.19999998	-0.00266512
-163.16666665	-0.00252675
-163.13333332	-0.00229769
-163.09999998	-0.00216370
-163.06666665	-0.00187075
-163.03333332	-0.00158406
-162.99999998	-0.00105668
-162.96666665	-0.00075940
-162.93333332	-0.00040166
-162.89999998	0.00003931
-162.86666665	0.00047003
-162.83333332	0.00087683
-162.79999998	0.00125883
-162.76666665	0.00168524
-162.73333332	0.00202862
-162.69999998	0.00210497
-162.66666665	0.00228052
-162.63333332	0.00243498
-162.59999998	0.00237623
-162.56666665	0.00220621
-162.53333332	0.00223759
-162.49999998	0.00208797
-162.46666665	0.00196091
-162.43333332	0.00173867
-162.39999998	0.00161532
-162.36666665	0.00155617
-162.33333332	0.00146979
-162.29999998	0.00104970
-162.26666665	0.00098986
-162.23333332	0.00083552
-162.19999998	0.00066256
-162.16666665	0.00056979
-162.13333331	0.00040345
-162.09999998	0.00028926
-162.06666665	0.00027718
-162.03333331	0.00015300
-161.99999998	0.00003470
-161.96666665	0.00006016
-161.93333331	-0.00006975
-161.89999998	-0.00023845
-161.86666665	-0.00038615
-161.83333331	-0.00058709
-161.79999998	-0.00076947
-161.76666665	-0.00111683
-161.73333331	-0.00134673
-161.69999998	-0.00160468
-161.66666665	-0.00187652
-161.63333331	-0.00224068
-161.59999998	-0.00243801
-161.56666665	-0.00282481
-161.53333331	-0.00315798
-161.49999998	-0.00358488
-161.46666665	-0.00382285
-161.43333331	-0.00415188
-161.39999998	-0.00457778
-161.36666665	-0.00477633
-161.33333331	-0.00523160
-161.29999998	-0.00549745
-161.26666665	-0.00577952
-161.23333331	-0.00592455
-161.19999998	-0.00599024
-161.16666665	-0.00591727
-161.13333331	-0.00571642
-161.09999998	-0.00532933
-161.06666665	-0.00483838
-161.03333331	-0.00413070
-160.99999998	-0.00304892
-160.96666665	-0.00191541
-160.93333331	-0.00051881
-160.89999998	0.00114967
-160.86666665	0.00289526
-160.83333331	0.00469709
-160.79999998	0.00653481
-160.76666665	0.00831427
-160.73333331	0.00992986
-160.69999998	0.01137413
-160.66666665	0.01244996
-160.63333331	0.01315399
-160.59999998	0.01345688
-160.56666665	0.01345265
-160.53333331	0.01302889
-160.49999998	0.01225508
-160.46666665	0.01121302
-160.43333331	0.00999631
-160.39999998	0.00846603
-160.36666665	0.00692649
-160.33333331	0.00552962
-160.29999998	0.00412789
-160.26666665	0.00273652
-160.23333331	0.00150838
-160.19999998	0.00037190
-160.16666665	-0.00045759
-160.13333331	-0.00130811
-160.09999998	-0.00193906
-160.06666665	-0.00256573
-160.03333331	-0.00310180
-159.99999998	-0.00341283
-159.96666665	-0.00377772
-159.93333331	-0.00401289
-159.89999998	-0.00423123
-159.86666665	-0.00450853
-159.83333331	-0.00471984
-159.79999998	-0.00494986
-159.76666665	-0.00499755
-159.73333331	-0.00520736
-159.69999998	-0.00528464
-159.66666665	-0.00532710
-159.63333331	-0.00540684
-159.59999998	-0.00543961
-159.56666665	-0.00538320
-159.53333331	-0.00517704
-159.49999998	-0.00501948
-159.46666664	-0.00470553
-159.43333331	-0.00443657
-159.39999998	-0.00410174
-159.36666664	-0.00384896
-159.33333331	-0.00344288
-159.29999998	-0.00314205
-159.26666664	-0.00285424
-159.23333331	-0.00264589
-159.19999998	-0.00244058
-159.16666664	-0.00233250
-159.13333331	-0.00228481
-159.09999998	-0.00229864
-159.06666664	-0.00228322
-159.03333331	-0.00244155
-158.99999998	-0.00266551
-158.96666664	-0.00268125
-158.93333331	-0.00274565
-158.89999998	-0.00271848
-158.86666664	-0.00273623
-158.83333331	-0.00268984
-158.79999998	-0.00253592
-158.76666664	-0.00230407
-158.73333331	-0.00197915
-158.69999998	-0.00161958
-158.66666664	-0.00131532
-158.63333331	-0.00098069
-158.59999998	-0.00063411
-158.56666664	-0.00023745
-158.53333331	-0.00003263
-158.49999998	0.00013196
-158.46666664	0.00036645
-158.43333331	0.00045197
-158.39999998	0.00069194
-158.36666664	0.00088398
-158.33333331	0.00089797
-158.29999998	0.00101027
-158.26666664	0.00113792
-158.23333331	0.00125844
-158.19999998	0.00119782
-158.16666664	0.00129598
-158.13333331	0.00121068
-158.09999998	0.00115094
-158.06666664	0.00104303
-158.03333331	0.00078849
-157.99999998	0.00061479
-157.96666664	0.00022036
-157.93333331	-0.00027481
-157.89999998	-0.00065513
-157.86666664	-0.00127926
-157.83333331	-0.00183274
-157.79999998	-0.00248633
-157.76666664	-0.00301932
-157.73333331	-0.00372813
-157.69999998	-0.00442418
-157.66666664	-0.00515791
-157.63333331	-0.00579575
-157.59999998	-0.00660372
-157.56666664	-0.00730013
-157.53333331	-0.00803359
-157.49999998	-0.00891513
-157.46666664	-0.00968963
-157.43333331	-0.01059591
-157.39999998	-0.01148713
-157.36666664	-0.01243187
-157.33333331	-0.01335131
-157.29999998	-0.01444264
-157.26666664	-0.01544986
-157.23333331	-0.01651261
-157.19999998	-0.01765751
-157.16666664	-0.01878072
-157.13333331	-0.01991148
-157.09999998	-0.02114367
-157.06666664	-0.02239683
-157.03333331	-0.02354862
-156.99999998	-0.02476483
-156.96666664	-0.02611387
-156.93333331	-0.02742100
-156.89999998	-0.02870946
-156.86666664	-0.03015307
-156.83333331	-0.03184543
-156.79999997	-0.03351780
-156.76666664	-0.03540678
-156.73333331	-0.03747169
-156.69999997	-0.03973693
-156.66666664	-0.04217725
-156.63333331	-0.04473791
-156.59999997	-0.04754145
-156.56666664	-0.05055928
-156.53333331	-0.05366716
-156.49999997	-0.05711230
-156.46666664	-0.06058918
-156.43333331	-0.06414593
-156.39999997	-0.06788865
-156.36666664	-0.07177542
-156.33333331	-0.07592268
-156.29999997	-0.08020203
-156.26666664	-0.08468522
-156.23333331	-0.08949152
-156.19999997	-0.09457520
-156.16666664	-0.10005597
-156.13333331	-0.10592412
-156.09999997	-0.11230959
-156.06666664	-0.11910831
-156.03333331	-0.12673982
-155.99999997	-0.13498767
-155.96666664	-0.14397547
-155.93333331	-0.15374786
-155.89999997	-0.16484604
-155.86666664	-0.17683878
-155.83333331	-0.19017258
-155.79999997	-0.20487137
-155.76666664	-0.22106144
-155.73333331	-0.23878167
-155.69999997	-0.25829914
-155.66666664	-0.27938939
-155.63333331	-0.30182242
-155.59999997	-0.32547033
-155.56666664	-0.34953724
-155.53333331	-0.37315102
-155.49999997	-0.39477930
-155.46666664	-0.41252964
-155.43333331	-0.42373089
-155.39999997	-0.42503751
-155.36666664	-0.41264615
-155.33333331	-0.38219224
-155.29999997	-0.32960658
-155.26666664	-0.25071951
-155.23333331	-0.14255579
-155.19999997	-0.00361797
-155.16666664	0.16590877
-155.13333331	0.36296993
-155.09999997	0.58216620
-155.06666664	0.81554458
-155.03333331	1.05234487
-154.99999997	1.27993796
-154.96666664	1.48532179
-154.93333331	1.65551900
-154.89999997	1.78027230
-154.86666664	1.85268778
-154.83333331	1.87018578
-154.79999997	1.83433222
-154.76666664	1.75035628
-154.73333331	1.62575078
-154.69999997	1.46975131
-154.66666664	1.29157697
-154.63333331	1.10079353
-154.59999997	0.90586045
-154.56666664	0.71378508
-154.53333331	0.53001698
-154.49999997	0.35816845
-154.46666664	0.20061796
-154.43333331	0.05842841
-154.39999997	-0.06809127
-154.36666664	-0.17898191
-154.33333331	-0.27442234
-154.29999997	-0.35467111
-154.26666664	-0.42038687
-154.23333331	-0.47252858
-154.19999997	-0.51248222
-154.16666664	-0.54220393
-154.13333330	-0.56377955
-154.09999997	-0.57880623
-154.06666664	-0.58926287
-154.03333330	-0.59609823
-153.99999997	-0.59986696
-153.96666664	-0.60048545
-153.93333330	-0.59775815
-153.89999997	-0.59096980
-153.86666664	-0.57941217
-153.83333330	-0.56276176
-153.79999997	-0.54056013
-153.76666664	-0.51250884
-153.73333330	-0.47845916
-153.69999997	-0.43892268
-153.66666664	-0.39460061
-153.63333330	-0.34684893
-153.59999997	-0.29796123
-153.56666664	-0.25050050
-153.53333330	-0.20716827
-153.49999997	-0.17097129
-153.46666664	-0.14380734
-153.43333330	-0.12709444
-153.39999997	-0.12117086
-153.36666664	-0.12500754
-153.33333330	-0.13684148
-153.29999997	-0.15456260
-153.26666664	-0.17515472
-153.23333330	-0.19595760
-153.19999997	-0.21362754
-153.16666664	-0.22570449
-153.13333330	-0.23006023
-153.09999997	-0.22489245
-153.06666664	-0.20976412
-153.03333330	-0.18559716
-152.99999997	-0.15424446
-152.96666664	-0.11840400
-152.93333330	-0.08140909
-152.89999997	-0.04614457
-152.86666664	-0.01535038
-152.83333330	0.00918339
-152.79999997	0.02678617
-152.76666664	0.03774282
-152.73333330	0.04239013
-152.69999997	0.04204303
-152.66666664	0.03759289
-152.63333330	0.02990320
-152.59999997	0.02020907
-152.56666664	0.00896791
-152.53333330	-0.00282982
-152.49999997	-0.01455477
-152.46666664	-0.02537765
-152.43333330	-0.03469816
-152.39999997	-0.04256686
-152.36666664	-0.04869646
-152.33333330	-0.05321821
-152.29999997	-0.05627541
-152.26666664	-0.05764931
-152.23333330	-0.05764317
-152.19999997	-0.05597020
-152.16666664	-0.05300362
-152.13333330	-0.04870525
-152.09999997	-0.04346422
-152.06666664	-0.03684322
-152.03333330	-0.02882327
-151.99999997	-0.01877703
-151.96666664	-0.00689034
-151.93333330	0.00695710
-151.89999997	0.02262102
-151.86666664	0.03910238
-151.83333330	0.05581541
-151.79999997	0.07126658
-151.76666664	0.08423389
-151.73333330	0.09355924
-151.69999997	0.09834214
-151.66666664	0.09794388
-151.63333330	0.09225529
-151.59999997	0.08116436
-151.56666664	0.06521989
-151.53333330	0.04501644
-151.49999997	0.02134914
-151.46666663	-0.00403027
-151.43333330	-0.02971818
-151.39999997	-0.05332240
-151.36666663	-0.07287902
-151.33333330	-0.08619661
-151.29999997	-0.09217587
-151.26666663	-0.08989649
-151.23333330	-0.07982707
-151.19999997	-0.06302459
-151.16666663	-0.04149017
-151.13333330	-0.01700916
-151.09999997	0.00776583
-151.06666663	0.03064515
-151.03333330	0.04956824
-150.99999997	0.06274907
-150.96666663	0.06906863
-150.93333330	0.06858356
-150.89999997	0.06170826
-150.86666663	0.05016365
-150.83333330	0.03592572
-150.79999997	0.02082685
-150.76666663	0.00723533
-150.73333330	-0.00354100
-150.69999997	-0.01056151
-150.66666663	-0.01327374
-150.63333330	-0.01148425
-150.59999997	-0.00590532
-150.56666663	0.00270012
-150.53333330	0.01341240
-150.49999997	0.02540611
-150.46666663	0.03779756
-150.43333330	0.04985321
-150.39999997	0.06123162
-150.36666663	0.07144748
-150.33333330	0.08007718
-150.29999997	0.08674271
-150.26666663	0.09096413
-150.23333330	0.09258527
-150.19999997	0.09181525
-150.16666663	0.08831183
-150.13333330	0.08243285
-150.09999997	0.07470276
-150.06666663	0.06547978
-150.03333330	0.05584583
-149.99999997	0.04671334
-149.96666663	0.03872599
-149.93333330	0.03243964
-149.89999997	0.02755991
-149.86666663	0.02344287
-149.83333330	0.01908250
-149.79999997	0.01329343
-149.76666663	0.00589300
-149.73333330	-0.00341691
-149.69999997	-0.01395813
-149.66666663	-0.02448537
-149.63333330	-0.03436476
-149.59999997	-0.04221048
-149.56666663	-0.04809394
-149.53333330	-0.05184627
-149.49999997	-0.05361480
-149.46666663	-0.05394826
-149.43333330	-0.05322008
-149.39999997	-0.05162566
-149.36666663	-0.04941570
-149.33333330	-0.04685238
-149.29999997	-0.04373861
-149.26666663	-0.03996866
-149.23333330	-0.03519853
-149.19999997	-0.02940017
-149.16666663	-0.02247405
-149.13333330	-0.01460237
-149.09999997	-0.00600914
-149.06666663	0.00302064
-149.03333330	0.01208041
-148.99999997	0.02104668
-148.96666663	0.02970768
-148.93333330	0.03767441
-148.89999997	0.04461984
-148.86666663	0.05005552
-148.83333330	0.05363512
-148.79999996	0.05460813
-148.76666663	0.05305320
-148.73333330	0.04921174
-148.69999996	0.04327693
-148.66666663	0.03609414
-148.63333330	0.02803221
-148.59999996	0.01998625
-148.56666663	0.01268255
-148.53333330	0.00670410
-148.49999996	0.00255254
-148.46666663	0.00058673
-148.43333330	0.00110442
-148.39999996	0.00384000
-148.36666663	0.00802699
-148.33333330	0.01314943
-148.29999996	0.01802656
-148.26666663	0.02168366
-148.23333330	0.02352224
-148.19999996	0.02348889
-148.16666663	0.02206218
-148.13333330	0.01960922
-148.09999996	0.01670580
-148.06666663	0.01389514
-148.03333330	0.01065380
-147.99999996	0.00667659
-147.96666663	0.00157669
-147.93333330	-0.00495027
-147.89999996	-0.01241313
-147.86666663	-0.02061166
-147.83333330	-0.02887443
-147.79999996	-0.03632862
-147.76666663	-0.04254866
-147.73333330	-0.04694264
-147.69999996	-0.04925055
-147.66666663	-0.04928968
-147.63333330	-0.04729642
-147.59999996	-0.04342058
-147.56666663	-0.03811499
-147.53333330	-0.03178325
-147.49999996	-0.02474533
-147.46666663	-0.01713521
-147.43333330	-0.00960508
-147.39999996	-0.00244189
-147.36666663	0.00394441
-147.33333330	0.00949892
-147.29999996	0.01336004
-147.26666663	0.01573562
-147.23333330	0.01650577
-147.19999996	0.01597435
-147.16666663	0.01441148
-147.13333330	0.01260708
-147.09999996	0.01119555
-147.06666663	0.01062308
-147.03333330	0.01134258
-146.99999996	0.01340792
-146.96666663	0.01680999
-146.93333330	0.02085584
-146.89999996	0.02518254
-146.86666663	0.02901489
-146.83333330	0.03191312
-146.79999996	0.03321875
-146.76666663	0.03266411
-146.73333330	0.03034464
-146.69999996	0.02632397
-146.66666663	0.02127477
-146.63333330	0.01560059
-146.59999996	0.01022398
-146.56666663	0.00611812
-146.53333330	0.00342855
-146.49999996	0.00261644
-146.46666663	0.00356052
-146.43333330	0.00609850
-146.39999996	0.01004551
-146.36666663	0.01476783
-146.33333330	0.01984221
-146.29999996	0.02499845
-146.26666663	0.02970012
-146.23333330	0.03363740
-146.19999996	0.03648944
-146.16666663	0.03797528
-146.13333329	0.03788274
-146.09999996	0.03587504
-146.06666663	0.03227088
-146.03333329	0.02689153
-145.99999996	0.01987574
-145.96666663	0.01110803
-145.93333329	0.00049736
-145.89999996	-0.01173547
-145.86666663	-0.02501388
-145.83333329	-0.03906995
-145.79999996	-0.05255496
-145.76666663	-0.06443385
-145.73333329	-0.07352122
-145.69999996	-0.07880089
-145.66666663	-0.07979556
-145.63333329	-0.07632520
-145.59999996	-0.06866247
-145.56666663	-0.05743067
-145.53333329	-0.04377284
-145.49999996	-0.02872868
-145.46666663	-0.01340687
-145.43333329	0.00097861
-145.39999996	0.01376828
-145.36666663	0.02409296
-145.33333329	0.03203644
-145.29999996	0.03750048
-145.26666663	0.04114735
-145.23333329	0.04338911
-145.19999996	0.04465232
-145.16666663	0.04548056
-145.13333329	0.04573888
-145.09999996	0.04528317
-145.06666663	0.04405290
-145.03333329	0.04140003
-144.99999996	0.03744505
-144.96666663	0.03232946
-144.93333329	0.02656816
-144.89999996	0.02085923
-144.86666663	0.01566595
-144.83333329	0.01149977
-144.79999996	0.00894005
-144.76666663	0.00777203
-144.73333329	0.00758149
-144.69999996	0.00806747
-144.66666663	0.00848122
-144.63333329	0.00855337
-144.59999996	0.00812831
-144.56666663	0.00704493
-144.53333329	0.00563942
-144.49999996	0.00395452
-144.46666663	0.00211663
-144.43333329	0.00036392
-144.39999996	-0.00192353
-144.36666663	-0.00442354
-144.33333329	-0.00763375
-144.29999996	-0.01117298
-144.26666663	-0.01496178
-144.23333329	-0.01909130
-144.19999996	-0.02291124
-144.16666663	-0.02635664
-144.13333329	-0.02937078
-144.09999996	-0.03198959
-144.06666663	-0.03421896
-144.03333329	-0.03626331
-143.99999996	-0.03808194
-143.96666663	-0.03989648
-143.93333329	-0.04137203
-143.89999996	-0.04228073
-143.86666663	-0.04228532
-143.83333329	-0.04129931
-143.79999996	-0.03911229
-143.76666663	-0.03590407
-143.73333329	-0.03207232
-143.69999996	-0.02802131
-143.66666663	-0.02346574
-143.63333329	-0.01872497
-143.59999996	-0.01314956
-143.56666663	-0.00655102
-143.53333329	0.00139287
-143.49999996	0.01056744
-143.46666662	0.02065774
-143.43333329	0.03116515
-143.39999996	0.04145428
-143.36666662	0.05070932
-143.33333329	0.05835027
-143.29999996	0.06391559
-143.26666662	0.06706995
-143.23333329	0.06754418
-143.19999996	0.06495687
-143.16666662	0.05967222
-143.13333329	0.05139345
-143.09999996	0.04043377
-143.06666662	0.02735727
-143.03333329	0.01253009
-142.99999996	-0.00319329
-142.96666662	-0.01890771
-142.93333329	-0.03353981
-142.89999996	-0.04618020
-142.86666662	-0.05582113
-142.83333329	-0.06179581
-142.79999996	-0.06353346
-142.76666662	-0.06082891
-142.73333329	-0.05355704
-142.69999996	-0.04257172
-142.66666662	-0.02864634
-142.63333329	-0.01325005
-142.59999996	0.00215883
-142.56666662	0.01619805
-142.53333329	0.02774072
-142.49999996	0.03592647
-142.46666662	0.04012456
-142.43333329	0.04045518
-142.39999996	0.03690848
-142.36666662	0.02969003
-142.33333329	0.01969370
-142.29999996	0.00744221
-142.26666662	-0.00605322
-142.23333329	-0.01974524
-142.19999996	-0.03226609
-142.16666662	-0.04299892
-142.13333329	-0.05060119
-142.09999996	-0.05502346
-142.06666662	-0.05586230
-142.03333329	-0.05328329
-141.99999996	-0.04789475
-141.96666662	-0.03995286
-141.93333329	-0.03056757
-141.89999996	-0.02059502
-141.86666662	-0.01059839
-141.83333329	-0.00141683
-141.79999996	0.00647185
-141.76666662	0.01276313
-141.73333329	0.01722239
-141.69999996	0.01990929
-141.66666662	0.02138216
-141.63333329	0.02181234
-141.59999996	0.02176763
-141.56666662	0.02185480
-141.53333329	0.02210554
-141.49999996	0.02302309
-141.46666662	0.02423286
-141.43333329	0.02541933
-141.39999996	0.02593889
-141.36666662	0.02521446
-141.33333329	0.02257909
-141.29999996	0.01801367
-141.26666662	0.01172099
-141.23333329	0.00408302
-141.19999996	-0.00418199
-141.16666662	-0.01204338
-141.13333329	-0.01853607
-141.09999996	-0.02324755
-141.06666662	-0.02525324
-141.03333329	-0.02478356
-140.99999996	-0.02131380
-140.96666662	-0.01535834
-140.93333329	-0.00732852
-140.89999995	0.00220998
-140.86666662	0.01245145
-140.83333329	0.02220404
-140.79999995	0.03073934
-140.76666662	0.03699876
-140.73333329	0.04013071
-140.69999995	0.03948924
-140.66666662	0.03498972
-140.63333329	0.02637971
-140.59999995	0.01442360
-140.56666662	0.00003662
-140.53333329	-0.01603885
-140.49999995	-0.03197453
-140.46666662	-0.04640911
-140.43333329	-0.05821914
-140.39999995	-0.06630481
-140.36666662	-0.07031195
-140.33333329	-0.07022894
-140.29999995	-0.06676375
-140.26666662	-0.06078703
-140.23333329	-0.05346887
-140.19999995	-0.04574316
-140.16666662	-0.03853465
-140.13333329	-0.03197727
-140.09999995	-0.02633599
-140.06666662	-0.02112907
-140.03333329	-0.01572422
-139.99999995	-0.00941245
-139.96666662	-0.00167077
-139.93333329	0.00782072
-139.89999995	0.01856316
-139.86666662	0.03013672
-139.83333329	0.04172924
-139.79999995	0.05225068
-139.76666662	0.06092236
-139.73333329	0.06689190
-139.69999995	0.06956933
-139.66666662	0.06874672
-139.63333329	0.06444001
-139.59999995	0.05674136
-139.56666662	0.04616948
-139.53333329	0.03319651
-139.49999995	0.01850582
-139.46666662	0.00320688
-139.43333329	-0.01178067
-139.39999995	-0.02495128
-139.36666662	-0.03553933
-139.33333329	-0.04245444
-139.29999995	-0.04500083
-139.26666662	-0.04322924
-139.23333329	-0.03721463
-139.19999995	-0.02734272
-139.16666662	-0.01486441
-139.13333329	-0.00072099
-139.09999995	0.01375650
-139.06666662	0.02733700
-139.03333329	0.03872101
-138.99999995	0.04645205
-138.96666662	0.04970865
-138.93333329	0.04776214
-138.89999995	0.04047579
-138.86666662	0.02819710
-138.83333329	0.01201060
-138.79999995	-0.00678404
-138.76666662	-0.02639219
-138.73333329	-0.04496331
-138.69999995	-0.06110471
-138.66666662	-0.07345165
-138.63333329	-0.08129559
-138.59999995	-0.08445422
-138.56666662	-0.08317444
-138.53333329	-0.07797029
-138.49999995	-0.06962032
-138.46666662	-0.05909646
-138.43333329	-0.04676298
-138.39999995	-0.03353532
-138.36666662	-0.01968132
-138.33333329	-0.00561418
-138.29999995	0.00841831
-138.26666662	0.02220566
-138.23333328	0.03530668
-138.19999995	0.04721498
-138.16666662	0.05727917
-138.13333328	0.06491709
-138.09999995	0.06943903
-138.06666662	0.07059970
-138.03333328	0.06835206
-137.99999995	0.06291184
-137.96666662	0.05481808
-137.93333328	0.04464647
-137.89999995	0.03330495
-137.86666662	0.02148813
-137.83333328	0.00988598
-137.79999995	-0.00077833
-137.76666662	-0.00960396
-137.73333328	-0.01620864
-137.69999995	-0.02047657
-137.66666662	-0.02265231
-137.63333328	-0.02290409
-137.59999995	-0.02195929
-137.56666662	-0.02016977
-137.53333328	-0.01808876
-137.49999995	-0.01564801
-137.46666662	-0.01309334
-137.43333328	-0.00996857
-137.39999995	-0.00618113
-137.36666662	-0.00157016
-137.33333328	0.00391753
-137.29999995	0.01001278
-137.26666662	0.01627715
-137.23333328	0.02211725
-137.19999995	0.02673949
-137.16666662	0.02980365
-137.13333328	0.03080875
-137.09999995	0.02958982
-137.06666662	0.02592000
-137.03333328	0.02015107
-136.99999995	0.01238853
-136.96666662	0.00334121
-136.93333328	-0.00660747
-136.89999995	-0.01665883
-136.86666662	-0.02611260
-136.83333328	-0.03431276
-136.79999995	-0.04044438
-136.76666662	-0.04416357
-136.73333328	-0.04530263
-136.69999995	-0.04380800
-136.66666662	-0.04001131
-136.63333328	-0.03435809
-136.59999995	-0.02749802
-136.56666662	-0.01987723
-136.53333328	-0.01217188
-136.49999995	-0.00465207
-136.46666662	0.00216693
-136.43333328	0.00828906
-136.39999995	0.01327463
-136.36666662	0.01730404
-136.33333328	0.02028535
-136.29999995	0.02218096
-136.26666662	0.02344250
-136.23333328	0.02396081
-136.19999995	0.02395863
-136.16666662	0.02352974
-136.13333328	0.02264164
-136.09999995	0.02110895
-136.06666662	0.01910182
-136.03333328	0.01646729
-135.99999995	0.01316665
-135.96666662	0.00937641
-135.93333328	0.00519502
-135.89999995	0.00129101
-135.86666662	-0.00238970
-135.83333328	-0.00524742
-135.79999995	-0.00712404
-135.76666662	-0.00733250
-135.73333328	-0.00609494
-135.69999995	-0.00308376
-135.66666662	0.00129143
-135.63333328	0.00679472
-135.59999995	0.01321069
-135.56666661	0.01961541
-135.53333328	0.02570583
-135.49999995	0.03081722
-135.46666661	0.03429398
-135.43333328	0.03567729
-135.39999995	0.03473440
-135.36666661	0.03110758
-135.33333328	0.02473512
-135.29999995	0.01578655
-135.26666661	0.00509650
-135.23333328	-0.00686854
-135.19999995	-0.01888313
-135.16666661	-0.03022243
-135.13333328	-0.03984816
-135.09999995	-0.04712382
-135.06666661	-0.05191289
-135.03333328	-0.05368939
-134.99999995	-0.05302766
-134.96666661	-0.04984639
-134.93333328	-0.04474457
-134.89999995	-0.03833825
-134.86666661	-0.03106245
-134.83333328	-0.02378581
-134.79999995	-0.01683603
-134.76666661	-0.01098073
-134.73333328	-0.00603750
-134.69999995	-0.00211143
-134.66666661	0.00127240
-134.63333328	0.00419871
-134.59999995	0.00733238
-134.56666661	0.01038948
-134.53333328	0.01346050
-134.49999995	0.01598993
-134.46666661	0.01799213
-134.43333328	0.01899967
-134.39999995	0.01895760
-134.36666661	0.01823549
-134.33333328	0.01717280
-134.29999995	0.01612546
-134.26666661	0.01553334
-134.23333328	0.01550222
-134.19999995	0.01615592
-134.16666661	0.01741389
-134.13333328	0.01926886
-134.09999995	0.02130492
-134.06666661	0.02331356
-134.03333328	0.02505882
-133.99999995	0.02652241
-133.96666661	0.02705489
-133.93333328	0.02650022
-133.89999995	0.02477758
-133.86666661	0.02167448
-133.83333328	0.01713148
-133.79999995	0.01137706
-133.76666661	0.00457798
-133.73333328	-0.00285160
-133.69999995	-0.01042812
-133.66666661	-0.01782239
-133.63333328	-0.02458272
-133.59999995	-0.03023711
-133.56666661	-0.03430787
-133.53333328	-0.03669365
-133.49999995	-0.03741553
-133.46666661	-0.03611128
-133.43333328	-0.03350276
-133.39999995	-0.02966259
-133.36666661	-0.02516581
-133.33333328	-0.02064211
-133.29999995	-0.01633116
-133.26666661	-0.01237459
-133.23333328	-0.00921606
-133.19999995	-0.00683704
-133.16666661	-0.00481894
-133.13333328	-0.00346008
-133.09999995	-0.00273126
-133.06666661	-0.00204789
-133.03333328	-0.00154310
-132.99999995	-0.00087993
-132.96666661	0.00022239
-132.93333328	0.00190616
-132.89999994	0.00411462
-132.86666661	0.00693741
-132.83333328	0.01011194
-132.79999994	0.01379904
-132.76666661	0.01746365
-132.73333328	0.02084120
-132.69999994	0.02380530
-132.66666661	0.02575407
-132.63333328	0.02643275
-132.59999994	0.02566043
-132.56666661	0.02339782
-132.53333328	0.01983710
-132.49999994	0.01532917
-132.46666661	0.01051914
-132.43333328	0.00583482
-132.39999994	0.00181584
-132.36666661	-0.00106087
-132.33333328	-0.00277705
-132.29999994	-0.00326488
-132.26666661	-0.00286252
-132.23333328	-0.00168040
-132.19999994	-0.00013654
-132.16666661	0.00173065
-132.13333328	0.00346400
-132.09999994	0.00516216
-132.06666661	0.00642965
-132.03333328	0.00728387
-131.99999994	0.00754173
-131.96666661	0.00696811
-131.93333328	0.00558126
-131.89999994	0.00329238
-131.86666661	-0.00001206
-131.83333328	-0.00397371
-131.79999994	-0.00829991
-131.76666661	-0.01283364
-131.73333328	-0.01700654
-131.69999994	-0.02074719
-131.66666661	-0.02349315
-131.63333328	-0.02514251
-131.59999994	-0.02567564
-131.56666661	-0.02497047
-131.53333328	-0.02315572
-131.49999994	-0.02033290
-131.46666661	-0.01674606
-131.43333328	-0.01285078
-131.39999994	-0.00871956
-131.36666661	-0.00502255
-131.33333328	-0.00175572
-131.29999994	0.00068960
-131.26666661	0.00219271
-131.23333328	0.00278084
-131.19999994	0.00236521
-131.16666661	0.00124279
-131.13333328	-0.00050027
-131.09999994	-0.00227878
-131.06666661	-0.00432905
-131.03333328	-0.00592649
-130.99999994	-0.00723180
-130.96666661	-0.00778291
-130.93333328	-0.00777289
-130.89999994	-0.00701373
-130.86666661	-0.00580108
-130.83333328	-0.00404421
-130.79999994	-0.00199808
-130.76666661	0.00033045
-130.73333328	0.00301256
-130.69999994	0.00587597
-130.66666661	0.00883718
-130.63333328	0.01184475
-130.59999994	0.01486738
-130.56666661	0.01759330
-130.53333328	0.02013172
-130.49999994	0.02228259
-130.46666661	0.02403251
-130.43333328	0.02542878
-130.39999994	0.02634715
-130.36666661	0.02700191
-130.33333328	0.02706724
-130.29999994	0.02645986
-130.26666661	0.02497593
-130.23333327	0.02227159
-130.19999994	0.01810874
-130.16666661	0.01268424
-130.13333327	0.00581865
-130.09999994	-0.00190645
-130.06666661	-0.01005757
-130.03333327	-0.01795858
-129.99999994	-0.02466308
-129.96666661	-0.02994041
-129.93333327	-0.03291655
-129.89999994	-0.03331670
-129.86666661	-0.03130632
-129.83333327	-0.02679175
-129.79999994	-0.02076277
-129.76666661	-0.01398262
-129.73333327	-0.00740519
-129.69999994	-0.00204526
-129.66666661	0.00133131
-129.63333327	0.00229961
-129.59999994	0.00058393
-129.56666661	-0.00343942
-129.53333327	-0.00948069
-129.49999994	-0.01637272
-129.46666661	-0.02335697
-129.43333327	-0.02935270
-129.39999994	-0.03334192
-129.36666661	-0.03495836
-129.33333327	-0.03360270
-129.29999994	-0.02951840
-129.26666661	-0.02317506
-129.23333327	-0.01520198
-129.19999994	-0.00649560
-129.16666661	0.00235196
-129.13333327	0.01039479
-129.09999994	0.01712092
-129.06666661	0.02237001
-129.03333327	0.02600179
-128.99999994	0.02836066
-128.96666661	0.02966395
-128.93333327	0.03030290
-128.89999994	0.03043314
-128.86666661	0.03026069
-128.83333327	0.02960598
-128.79999994	0.02859779
-128.76666661	0.02720326
-128.73333327	0.02505681
-128.69999994	0.02224752
-128.66666661	0.01875011
-128.63333327	0.01492600
-128.59999994	0.01061255
-128.56666661	0.00649973
-128.53333327	0.00228145
-128.49999994	-0.00193608
-128.46666661	-0.00613745
-128.43333327	-0.01022202
-128.39999994	-0.01450002
-128.36666661	-0.01883296
-128.33333327	-0.02319658
-128.29999994	-0.02728676
-128.26666661	-0.03103000
-128.23333327	-0.03389709
-128.19999994	-0.03586564
-128.16666661	-0.03662655
-128.13333327	-0.03588253
-128.09999994	-0.03370218
-128.06666661	-0.03001791
-128.03333327	-0.02535134
-127.99999994	-0.01982555
-127.96666661	-0.01436796
-127.93333327	-0.00873027
-127.89999994	-0.00390355
-127.86666661	-0.00009227
-127.83333327	0.00232393
-127.79999994	0.00346604
-127.76666661	0.00328631
-127.73333327	0.00157426
-127.69999994	-0.00110729
-127.66666661	-0.00470193
-127.63333327	-0.00861729
-127.59999994	-0.01232462
-127.56666660	-0.01547350
-127.53333327	-0.01779658
-127.49999994	-0.01886816
-127.46666660	-0.01892592
-127.43333327	-0.01776463
-127.39999994	-0.01565914
-127.36666660	-0.01311814
-127.33333327	-0.01022603
-127.29999994	-0.00719531
-127.26666660	-0.00405050
-127.23333327	-0.00047470
-127.19999994	0.00314876
-127.16666660	0.00705347
-127.13333327	0.01124484
-127.09999994	0.01555868
-127.06666660	0.01996956
-127.03333327	0.02375424
-126.99999994	0.02690008
-126.96666660	0.02886510
-126.93333327	0.02926066
-126.89999994	0.02808233
-126.86666660	0.02491208
-126.83333327	0.01990239
-126.79999994	0.01327111
-126.76666660	0.00555284
-126.73333327	-0.00290457
-126.69999994	-0.01107802
-126.66666660	-0.01846875
-126.63333327	-0.02443827
-126.59999994	-0.02873757
-126.56666660	-0.03099911
-126.53333327	-0.03125745
-126.49999994	-0.02986713
-126.46666660	-0.02694806
-126.43333327	-0.02275562
-126.39999994	-0.01795770
-126.36666660	-0.01272607
-126.33333327	-0.00736051
-126.29999994	-0.00216740
-126.26666660	0.00246640
-126.23333327	0.00655820
-126.19999994	0.00961426
-126.16666660	0.01166025
-126.13333327	0.01265007
-126.09999994	0.01232234
-126.06666660	0.01064932
-126.03333327	0.00779319
-125.99999994	0.00395796
-125.96666660	-0.00053099
-125.93333327	-0.00566464
-125.89999994	-0.01082931
-125.86666660	-0.01559287
-125.83333327	-0.01981267
-125.79999994	-0.02302638
-125.76666660	-0.02511158
-125.73333327	-0.02574953
-125.69999994	-0.02512284
-125.66666660	-0.02317873
-125.63333327	-0.02011225
-125.59999994	-0.01619949
-125.56666660	-0.01171184
-125.53333327	-0.00670281
-125.49999994	-0.00165351
-125.46666660	0.00349133
-125.43333327	0.00851770
-125.39999994	0.01324652
-125.36666660	0.01771926
-125.33333327	0.02196841
-125.29999994	0.02569077
-125.26666660	0.02897269
-125.23333327	0.03156153
-125.19999994	0.03327544
-125.16666660	0.03398041
-125.13333327	0.03360521
-125.09999994	0.03195726
-125.06666660	0.02944556
-125.03333327	0.02608329
-124.99999994	0.02285570
-124.96666660	0.01958873
-124.93333327	0.01684147
-124.89999993	0.01462133
-124.86666660	0.01316835
-124.83333327	0.01215159
-124.79999993	0.01148147
-124.76666660	0.01071145
-124.73333327	0.00950979
-124.69999993	0.00792401
-124.66666660	0.00557216
-124.63333327	0.00257826
-124.59999993	-0.00092457
-124.56666660	-0.00452060
-124.53333327	-0.00798070
-124.49999993	-0.01086794
-124.46666660	-0.01302989
-124.43333327	-0.01404980
-124.39999993	-0.01411356
-124.36666660	-0.01328429
-124.33333327	-0.01182483
-124.29999993	-0.00994945
-124.26666660	-0.00816925
-124.23333327	-0.00660913
-124.19999993	-0.00519816
-124.16666660	-0.00426231
-124.13333327	-0.00353504
-124.09999993	-0.00331342
-124.06666660	-0.00306864
-124.03333327	-0.00292091
-123.99999993	-0.00273912
-123.96666660	-0.00246784
-123.93333327	-0.00181907
-123.89999993	-0.00096722
-123.86666660	0.00056963
-123.83333327	0.00219197
-123.79999993	0.00434785
-123.76666660	0.00689868
-123.73333327	0.00961508
-123.69999993	0.01258006
-123.66666660	0.01539420
-123.63333327	0.01814701
-123.59999993	0.02063495
-123.56666660	0.02273600
-123.53333327	0.02431856
-123.49999993	0.02520439
-123.46666660	0.02550600
-123.43333327	0.02491264
-123.39999993	0.02344474
-123.36666660	0.02106404
-123.33333327	0.01787147
-123.29999993	0.01408386
-123.26666660	0.00972865
-123.23333327	0.00491603
-123.19999993	0.00036316
-123.16666660	-0.00419448
-123.13333327	-0.00835038
-123.09999993	-0.01183814
-123.06666660	-0.01452306
-123.03333327	-0.01653241
-122.99999993	-0.01777828
-122.96666660	-0.01871338
-122.93333327	-0.01941584
-122.89999993	-0.01997109
-122.86666660	-0.02071230
-122.83333327	-0.02158166
-122.79999993	-0.02262180
-122.76666660	-0.02354442
-122.73333327	-0.02449556
-122.69999993	-0.02495864
-122.66666660	-0.02490848
-122.63333327	-0.02452547
-122.59999993	-0.02364805
-122.56666660	-0.02235099
-122.53333327	-0.02101534
-122.49999993	-0.01979188
-122.46666660	-0.01857372
-122.43333327	-0.01787187
-122.39999993	-0.01743693
-122.36666660	-0.01727993
-122.33333327	-0.01728162
-122.29999993	-0.01720409
-122.26666660	-0.01671539
-122.23333326	-0.01569435
-122.19999993	-0.01369885
-122.16666660	-0.01077600
-122.13333326	-0.00688224
-122.09999993	-0.00226789
-122.06666660	0.00292976
-122.03333326	0.00807627
-121.99999993	0.01274999
-121.96666660	0.01647670
-121.93333326	0.01859544
-121.89999993	0.01881540
-121.86666660	0.01718206
-121.83333326	0.01396442
-121.79999993	0.00934490
-121.76666660	0.00417378
-121.73333326	-0.00089479
-121.69999993	-0.00502710
-121.66666660	-0.00772585
-121.63333326	-0.00864082
-121.59999993	-0.00755882
-121.56666660	-0.00479943
-121.53333326	-0.00066225
-121.49999993	0.00397882
-121.46666660	0.00849970
-121.43333326	0.01246564
-121.39999993	0.01520802
-121.36666660	0.01674282
-121.33333326	0.01680943
-121.29999993	0.01547683
-121.26666660	0.01304155
-121.23333326	0.00984132
-121.19999993	0.00611583
-121.16666660	0.00224986
-121.13333326	-0.00157356
-121.09999993	-0.00491866
-121.06666660	-0.00789349
-121.03333326	-0.01021909
-120.99999993	-0.01192888
-120.96666660	-0.01311939
-120.93333326	-0.01381980
-120.89999993	-0.01395228
-120.86666660	-0.01383428
-120.83333326	-0.01336242
-120.79999993	-0.01269954
-120.76666660	-0.01178595
-120.73333326	-0.01064378
-120.69999993	-0.00932706
-120.66666660	-0.00806722
-120.63333326	-0.00702060
-120.59999993	-0.00633120
-120.56666660	-0.00618262
-120.53333326	-0.00655910
-120.49999993	-0.00767558
-120.46666660	-0.00921396
-120.43333326	-0.01082786
-120.39999993	-0.01246004
-120.36666660	-0.01381201
-120.33333326	-0.01446209
-120.29999993	-0.01453113
-120.26666660	-0.01373091
-120.23333326	-0.01226529
-120.19999993	-0.01029911
-120.16666660	-0.00783145
-120.13333326	-0.00494032
-120.09999993	-0.00185070
-120.06666660	0.00131982
-120.03333326	0.00468294
-119.99999993	0.00795996
-119.96666660	0.01130723
-119.93333326	0.01453822
-119.89999993	0.01774953
-119.86666660	0.02090456
-119.83333326	0.02393560
-119.79999993	0.02678667
-119.76666660	0.02923140
-119.73333326	0.03135511
-119.69999993	0.03274824
-119.66666659	0.03318108
-119.63333326	0.03259607
-119.59999993	0.03070577
-119.56666659	0.02760356
-119.53333326	0.02325333
-119.49999993	0.01812261
-119.46666659	0.01237310
-119.43333326	0.00639478
-119.39999993	0.00047902
-119.36666659	-0.00497247
-119.33333326	-0.00971584
-119.29999993	-0.01369109
-119.26666659	-0.01662196
-119.23333326	-0.01835032
-119.19999993	-0.01911574
-119.16666659	-0.01860357
-119.13333326	-0.01725782
-119.09999993	-0.01507113
-119.06666659	-0.01243134
-119.03333326	-0.00955823
-118.99999993	-0.00661605
-118.96666659	-0.00383291
-118.93333326	-0.00176593
-118.89999993	-0.00034927
-118.86666659	0.00020774
-118.83333326	-0.00035984
-118.79999993	-0.00161738
-118.76666659	-0.00334783
-118.73333326	-0.00521582
-118.69999993	-0.00678757
-118.66666659	-0.00776208
-118.63333326	-0.00802022
-118.59999993	-0.00722211
-118.56666659	-0.00547602
-118.53333326	-0.00306651
-118.49999993	0.00025645
-118.46666659	0.00370344
-118.43333326	0.00731258
-118.39999993	0.01053451
-118.36666659	0.01308054
-118.33333326	0.01471594
-118.29999993	0.01533117
-118.26666659	0.01513326
-118.23333326	0.01412023
-118.19999993	0.01266416
-118.16666659	0.01112119
-118.13333326	0.00960087
-118.09999993	0.00846334
-118.06666659	0.00773301
-118.03333326	0.00751799
-117.99999993	0.00798528
-117.96666659	0.00870805
-117.93333326	0.00944782
-117.89999993	0.01015805
-117.86666659	0.01042348
-117.83333326	0.00987964
-117.79999993	0.00825688
-117.76666659	0.00546540
-117.73333326	0.00140420
-117.69999993	-0.00370068
-117.66666659	-0.00982616
-117.63333326	-0.01657155
-117.59999993	-0.02353214
-117.56666659	-0.03029795
-117.53333326	-0.03655763
-117.49999993	-0.04178095
-117.46666659	-0.04564367
-117.43333326	-0.04794255
-117.39999993	-0.04837283
-117.36666659	-0.04729591
-117.33333326	-0.04460313
-117.29999993	-0.04075904
-117.26666659	-0.03626470
-117.23333326	-0.03145163
-117.19999993	-0.02685910
-117.16666659	-0.02266856
-117.13333326	-0.01943914
-117.09999993	-0.01680495
-117.06666659	-0.01520732
-117.03333326	-0.01440893
-116.99999992	-0.01456947
-116.96666659	-0.01542859
-116.93333326	-0.01693693
-116.89999992	-0.01890139
-116.86666659	-0.02102117
-116.83333326	-0.02305410
-116.79999992	-0.02456072
-116.76666659	-0.02573792
-116.73333326	-0.02620825
-116.69999992	-0.02598966
-116.66666659	-0.02513986
-116.63333326	-0.02383227
-116.59999992	-0.02213716
-116.56666659	-0.02031833
-116.53333326	-0.01851913
-116.49999992	-0.01679040
-116.46666659	-0.01513475
-116.43333326	-0.01362804
-116.39999992	-0.01178522
-116.36666659	-0.00987543
-116.33333326	-0.00767433
-116.29999992	-0.00528718
-116.26666659	-0.00262679
-116.23333326	0.00019939
-116.19999992	0.00329489
-116.16666659	0.00639278
-116.13333326	0.00966865
-116.09999992	0.01315954
-116.06666659	0.01642601
-116.03333326	0.01953646
-115.99999992	0.02249748
-115.96666659	0.02509535
-115.93333326	0.02743708
-115.89999992	0.02937881
-115.86666659	0.03106996
-115.83333326	0.03247966
-115.79999992	0.03373768
-115.76666659	0.03469264
-115.73333326	0.03537379
-115.69999992	0.03576061
-115.66666659	0.03595400
-115.63333326	0.03577212
-115.59999992	0.03534231
-115.56666659	0.03453219
-115.53333326	0.03337455
-115.49999992	0.03198616
-115.46666659	0.03035904
-115.43333326	0.02871363
-115.39999992	0.02725251
-115.36666659	0.02610008
-115.33333326	0.02571969
-115.29999992	0.02579687
-115.26666659	0.02645683
-115.23333326	0.02766174
-115.19999992	0.02908626
-115.16666659	0.03068256
-115.13333326	0.03211588
-115.09999992	0.03332387
-115.06666659	0.03420176
-115.03333326	0.03480677
-114.99999992	0.03508927
-114.96666659	0.03526846
-114.93333326	0.03549455
-114.89999992	0.03583803
-114.86666659	0.03632008
-114.83333326	0.03717775
-114.79999992	0.03803302
-114.76666659	0.03889513
-114.73333326	0.03939287
-114.69999992	0.03924022
-114.66666659	0.03828692
-114.63333326	0.03648052
-114.59999992	0.03369602
-114.56666659	0.03044472
-114.53333326	0.02676861
-114.49999992	0.02333691
-114.46666659	0.02048501
-114.43333326	0.01852521
-114.39999992	0.01763039
-114.36666659	0.01803195
-114.33333325	0.01944183
-114.29999992	0.02175954
-114.26666659	0.02457234
-114.23333325	0.02739280
-114.19999992	0.02979504
-114.16666659	0.03110590
-114.13333325	0.03136244
-114.09999992	0.02998115
-114.06666659	0.02704515
-114.03333325	0.02264319
-113.99999992	0.01699208
-113.96666659	0.01048148
-113.93333325	0.00350664
-113.89999992	-0.00397088
-113.86666659	-0.01134071
-113.83333325	-0.01842358
-113.79999992	-0.02498496
-113.76666659	-0.03052223
-113.73333325	-0.03496900
-113.69999992	-0.03810137
-113.66666659	-0.04005559
-113.63333325	-0.04062235
-113.59999992	-0.04038917
-113.56666659	-0.03950589
-113.53333325	-0.03809487
-113.49999992	-0.03648162
-113.46666659	-0.03477265
-113.43333325	-0.03329703
-113.39999992	-0.03175314
-113.36666659	-0.03024136
-113.33333325	-0.02891340
-113.29999992	-0.02762141
-113.26666659	-0.02637756
-113.23333325	-0.02518524
-113.19999992	-0.02377983
-113.16666659	-0.02235940
-113.13333325	-0.02099310
-113.09999992	-0.01961534
-113.06666659	-0.01845715
-113.03333325	-0.01765342
-112.99999992	-0.01729817
-112.96666659	-0.01734116
-112.93333325	-0.01819184
-112.89999992	-0.01969809
-112.86666659	-0.02188069
-112.83333325	-0.02436176
-112.79999992	-0.02690455
-112.76666659	-0.02941790
-112.73333325	-0.03159899
-112.69999992	-0.03319917
-112.66666659	-0.03401512
-112.63333325	-0.03404583
-112.59999992	-0.03325121
-112.56666659	-0.03178069
-112.53333325	-0.03008186
-112.49999992	-0.02820655
-112.46666659	-0.02662770
-112.43333325	-0.02551398
-112.39999992	-0.02497997
-112.36666659	-0.02507580
-112.33333325	-0.02565101
-112.29999992	-0.02677960
-112.26666659	-0.02824958
-112.23333325	-0.02996473
-112.19999992	-0.03207096
-112.16666659	-0.03418474
-112.13333325	-0.03620053
-112.09999992	-0.03836753
-112.06666659	-0.04029492
-112.03333325	-0.04195327
-111.99999992	-0.04337292
-111.96666659	-0.04447352
-111.93333325	-0.04505363
-111.89999992	-0.04524141
-111.86666659	-0.04458170
-111.83333325	-0.04312196
-111.79999992	-0.04087685
-111.76666659	-0.03758480
-111.73333325	-0.03352505
-111.69999992	-0.02883373
-111.66666658	-0.02359056
-111.63333325	-0.01854283
-111.59999992	-0.01363337
-111.56666658	-0.00916873
-111.53333325	-0.00577081
-111.49999992	-0.00311719
-111.46666658	-0.00138667
-111.43333325	-0.00058899
-111.39999992	-0.00071352
-111.36666658	-0.00184785
-111.33333325	-0.00375974
-111.29999992	-0.00639148
-111.26666658	-0.00965082
-111.23333325	-0.01315582
-111.19999992	-0.01686002
-111.16666658	-0.01999918
-111.13333325	-0.02264935
-111.09999992	-0.02437164
-111.06666658	-0.02506594
-111.03333325	-0.02447040
-110.99999992	-0.02277790
-110.96666658	-0.01992235
-110.93333325	-0.01624341
-110.89999992	-0.01175455
-110.86666658	-0.00680591
-110.83333325	-0.00164082
-110.79999992	0.00324746
-110.76666658	0.00749681
-110.73333325	0.01099040
-110.69999992	0.01339399
-110.66666658	0.01449085
-110.63333325	0.01433604
-110.59999992	0.01295738
-110.56666658	0.01047762
-110.53333325	0.00698387
-110.49999992	0.00289154
-110.46666658	-0.00198045
-110.43333325	-0.00707938
-110.39999992	-0.01228303
-110.36666658	-0.01728689
-110.33333325	-0.02197488
-110.29999992	-0.02578731
-110.26666658	-0.02890524
-110.23333325	-0.03099807
-110.19999992	-0.03215933
-110.16666658	-0.03222395
-110.13333325	-0.03117041
-110.09999992	-0.02925864
-110.06666658	-0.02663560
-110.03333325	-0.02340909
-109.99999992	-0.01995513
-109.96666658	-0.01631995
-109.93333325	-0.01286659
-109.89999992	-0.00972041
-109.86666658	-0.00694405
-109.83333325	-0.00472192
-109.79999992	-0.00321362
-109.76666658	-0.00221091
-109.73333325	-0.00207475
-109.69999992	-0.00275108
-109.66666658	-0.00406174
-109.63333325	-0.00589048
-109.59999992	-0.00783876
-109.56666658	-0.00995242
-109.53333325	-0.01188147
-109.49999992	-0.01349702
-109.46666658	-0.01458959
-109.43333325	-0.01518244
-109.39999992	-0.01514542
-109.36666658	-0.01435696
-109.33333325	-0.01250312
-109.29999992	-0.00982941
-109.26666658	-0.00626698
-109.23333325	-0.00176235
-109.19999992	0.00322272
-109.16666658	0.00822331
-109.13333325	0.01298947
-109.09999992	0.01723876
-109.06666658	0.02056072
-109.03333325	0.02290684
-108.99999991	0.02427485
-108.96666658	0.02475604
-108.93333325	0.02441523
-108.89999991	0.02324519
-108.86666658	0.02143346
-108.83333325	0.01899163
-108.79999991	0.01597324
-108.76666658	0.01242197
-108.73333325	0.00878553
-108.69999991	0.00469455
-108.66666658	0.00065760
-108.63333325	-0.00327782
-108.59999991	-0.00705021
-108.56666658	-0.01013378
-108.53333325	-0.01282750
-108.49999991	-0.01503088
-108.46666658	-0.01669356
-108.43333325	-0.01767710
-108.39999991	-0.01841090
-108.36666658	-0.01851713
-108.33333325	-0.01835684
-108.29999991	-0.01790224
-108.26666658	-0.01704091
-108.23333325	-0.01600805
-108.19999991	-0.01480471
-108.16666658	-0.01331226
-108.13333325	-0.01177830
-108.09999991	-0.01010239
-108.06666658	-0.00816483
-108.03333325	-0.00620102
-107.99999991	-0.00389690
-107.96666658	-0.00160227
-107.93333325	0.00060017
-107.89999991	0.00268778
-107.86666658	0.00428392
-107.83333325	0.00552393
-107.79999991	0.00609617
-107.76666658	0.00613884
-107.73333325	0.00587987
-107.69999991	0.00516711
-107.66666658	0.00447291
-107.63333325	0.00372053
-107.59999991	0.00324638
-107.56666658	0.00305877
-107.53333325	0.00294781
-107.49999991	0.00317425
-107.46666658	0.00351354
-107.43333325	0.00400998
-107.39999991	0.00459844
-107.36666658	0.00552418
-107.33333325	0.00620147
-107.29999991	0.00693802
-107.26666658	0.00749082
-107.23333325	0.00805939
-107.19999991	0.00831989
-107.16666658	0.00832080
-107.13333325	0.00816348
-107.09999991	0.00765258
-107.06666658	0.00700532
-107.03333325	0.00598352
-106.99999991	0.00474101
-106.96666658	0.00340053
-106.93333325	0.00205198
-106.89999991	0.00056596
-106.86666658	-0.00051196
-106.83333325	-0.00121735
-106.79999991	-0.00156482
-106.76666658	-0.00138123
-106.73333325	-0.00086753
-106.69999991	0.00009510
-106.66666658	0.00146069
-106.63333325	0.00265059
-106.59999991	0.00393154
-106.56666658	0.00497629
-106.53333325	0.00586580
-106.49999991	0.00624751
-106.46666658	0.00621405
-106.43333325	0.00576933
-106.39999991	0.00505192
-106.36666658	0.00435987
-106.33333324	0.00365991
-106.29999991	0.00335285
-106.26666658	0.00328578
-106.23333324	0.00356688
-106.19999991	0.00416283
-106.16666658	0.00492478
-106.13333324	0.00574518
-106.09999991	0.00671923
-106.06666658	0.00777806
-106.03333324	0.00883482
-105.99999991	0.01007901
-105.96666658	0.01138295
-105.93333324	0.01281071
-105.89999991	0.01418879
-105.86666658	0.01544589
-105.83333324	0.01637723
-105.79999991	0.01697917
-105.76666658	0.01707890
-105.73333324	0.01633665
-105.69999991	0.01519913
-105.66666658	0.01333497
-105.63333324	0.01119947
-105.59999991	0.00858869
-105.56666658	0.00593685
-105.53333324	0.00317839
-105.49999991	0.00070102
-105.46666658	-0.00137170
-105.43333324	-0.00315792
-105.39999991	-0.00430308
-105.36666658	-0.00504997
-105.33333324	-0.00526819
-105.29999991	-0.00495160
-105.26666658	-0.00405148
-105.23333324	-0.00287850
-105.19999991	-0.00143420
-105.16666658	0.00025227
-105.13333324	0.00186153
-105.09999991	0.00347212
-105.06666658	0.00467606
-105.03333324	0.00578748
-104.99999991	0.00665285
-104.96666658	0.00724600
-104.93333324	0.00767452
-104.89999991	0.00782935
-104.86666658	0.00762753
-104.83333324	0.00705186
-104.79999991	0.00596119
-104.76666658	0.00447488
-104.73333324	0.00264028
-104.69999991	0.00044277
-104.66666658	-0.00180049
-104.63333324	-0.00402945
-104.59999991	-0.00590522
-104.56666658	-0.00728282
-104.53333324	-0.00805786
-104.49999991	-0.00817491
-104.46666658	-0.00754598
-104.43333324	-0.00636235
-104.39999991	-0.00455753
-104.36666658	-0.00245104
-104.33333324	-0.00008352
-104.29999991	0.00248830
-104.26666658	0.00490570
-104.23333324	0.00705775
-104.19999991	0.00898606
-104.16666658	0.01030535
-104.13333324	0.01095647
-104.09999991	0.01096210
-104.06666658	0.01035678
-104.03333324	0.00930098
-103.99999991	0.00761481
-103.96666658	0.00579064
-103.93333324	0.00386704
-103.89999991	0.00181447
-103.86666658	0.00016155
-103.83333324	-0.00118966
-103.79999991	-0.00206907
-103.76666658	-0.00248153
-103.73333324	-0.00272170
-103.69999991	-0.00255122
-103.66666657	-0.00207529
-103.63333324	-0.00139029
-103.59999991	-0.00055743
-103.56666657	0.00050472
-103.53333324	0.00167877
-103.49999991	0.00308522
-103.46666657	0.00454486
-103.43333324	0.00584537
-103.39999991	0.00699235
-103.36666657	0.00799525
-103.33333324	0.00843861
-103.29999991	0.00841167
-103.26666657	0.00783923
-103.23333324	0.00653194
-103.19999991	0.00451253
-103.16666657	0.00174045
-103.13333324	-0.00165641
-103.09999991	-0.00536088
-103.06666657	-0.00927041
-103.03333324	-0.01306150
-102.99999991	-0.01640894
-102.96666657	-0.01908339
-102.93333324	-0.02077960
-102.89999991	-0.02160776
-102.86666657	-0.02147335
-102.83333324	-0.02042342
-102.79999991	-0.01868324
-102.76666657	-0.01641443
-102.73333324	-0.01378945
-102.69999991	-0.01068564
-102.66666657	-0.00762100
-102.63333324	-0.00433287
-102.59999991	-0.00116408
-102.56666657	0.00181313
-102.53333324	0.00454755
-102.49999991	0.00699701
-102.46666657	0.00894040
-102.43333324	0.01041010
-102.39999991	0.01134895
-102.36666657	0.01167776
-102.33333324	0.01150483
-102.29999991	0.01070889
-102.26666657	0.00932089
-102.23333324	0.00732312
-102.19999991	0.00491572
-102.16666657	0.00219250
-102.13333324	-0.00085651
-102.09999991	-0.00391680
-102.06666657	-0.00690041
-102.03333324	-0.00966207
-101.99999991	-0.01192819
-101.96666657	-0.01375231
-101.93333324	-0.01483993
-101.89999991	-0.01528237
-101.86666657	-0.01497606
-101.83333324	-0.01397110
-101.79999991	-0.01228398
-101.76666657	-0.01007645
-101.73333324	-0.00753549
-101.69999991	-0.00471464
-101.66666657	-0.00169811
-101.63333324	0.00132406
-101.59999991	0.00406786
-101.56666657	0.00629629
-101.53333324	0.00794613
-101.49999991	0.00881979
-101.46666657	0.00872725
-101.43333324	0.00766153
-101.39999991	0.00545087
-101.36666657	0.00254045
-101.33333324	-0.00119958
-101.29999991	-0.00532939
-101.26666657	-0.00968212
-101.23333324	-0.01377722
-101.19999991	-0.01746682
-101.16666657	-0.02045196
-101.13333324	-0.02249056
-101.09999991	-0.02353284
-101.06666657	-0.02353906
-101.03333324	-0.02237309
-100.99999990	-0.02033962
-100.96666657	-0.01731705
-100.93333324	-0.01374440
-100.89999990	-0.00956534
-100.86666657	-0.00547902
-100.83333324	-0.00153425
-100.79999990	0.00185478
-100.76666657	0.00435954
-100.73333324	0.00572240
-100.69999990	0.00607261
-100.66666657	0.00547683
-100.63333324	0.00387841
-100.59999990	0.00185087
-100.56666657	-0.00089484
-100.53333324	-0.00359723
-100.49999990	-0.00626484
-100.46666657	-0.00878015
-100.43333324	-0.01092107
-100.39999990	-0.01235496
-100.36666657	-0.01318012
-100.33333324	-0.01331245
-100.29999990	-0.01285234
-100.26666657	-0.01177782
-100.23333324	-0.01053308
-100.19999990	-0.00906749
-100.16666657	-0.00757028
-100.13333324	-0.00614195
-100.09999990	-0.00486819
-100.06666657	-0.00355350
-100.03333324	-0.00223470
-99.99999990	-0.00052867
-99.96666657	0.00126692
-99.93333324	0.00314697
-99.89999990	0.00509427
-99.86666657	0.00670157
-99.83333324	0.00797783
-99.79999990	0.00864888
-99.76666657	0.00846008
-99.73333324	0.00761926
-99.69999990	0.00611670
-99.66666657	0.00400754
-99.63333324	0.00158682
-99.59999990	-0.00121658
-99.56666657	-0.00406940
-99.53333324	-0.00706076
-99.49999990	-0.00989887
-99.46666657	-0.01266460
-99.43333324	-0.01528629
-99.39999990	-0.01764899
-99.36666657	-0.01947961
-99.33333324	-0.02108691
-99.29999990	-0.02184475
-99.26666657	-0.02236146
-99.23333324	-0.02212211
-99.19999990	-0.02150190
-99.16666657	-0.02042997
-99.13333324	-0.01890432
-99.09999990	-0.01746729
-99.06666657	-0.01598568
-99.03333324	-0.01455782
-98.99999990	-0.01326170
-98.96666657	-0.01212493
-98.93333324	-0.01094662
-98.89999990	-0.00995899
-98.86666657	-0.00884667
-98.83333324	-0.00772821
-98.79999990	-0.00626449
-98.76666657	-0.00446072
-98.73333324	-0.00256910
-98.69999990	-0.00004895
-98.66666657	0.00245363
-98.63333324	0.00502893
-98.59999990	0.00734105
-98.56666657	0.00916092
-98.53333324	0.01039582
-98.49999990	0.01086304
-98.46666657	0.01074198
-98.43333323	0.00982877
-98.39999990	0.00837404
-98.36666657	0.00667492
-98.33333323	0.00487854
-98.29999990	0.00307285
-98.26666657	0.00155424
-98.23333323	0.00044171
-98.19999990	-0.00005869
-98.16666657	-0.00000386
-98.13333323	0.00053731
-98.09999990	0.00155693
-98.06666657	0.00313340
-98.03333323	0.00451070
-97.99999990	0.00605034
-97.96666657	0.00717243
-97.93333323	0.00775495
-97.89999990	0.00776002
-97.86666657	0.00708168
-97.83333323	0.00576639
-97.79999990	0.00406311
-97.76666657	0.00217192
-97.73333323	0.00012092
-97.69999990	-0.00198744
-97.66666657	-0.00375487
-97.63333323	-0.00533205
-97.59999990	-0.00636638
-97.56666657	-0.00713487
-97.53333323	-0.00729248
-97.49999990	-0.00707951
-97.46666657	-0.00666173
-97.43333323	-0.00591498
-97.39999990	-0.00496810
-97.36666657	-0.00402902
-97.33333323	-0.00313655
-97.29999990	-0.00219944
-97.26666657	-0.00137884
-97.23333323	-0.00062769
-97.19999990	0.00018590
-97.16666657	0.00076468
-97.13333323	0.00151066
-97.09999990	0.00232655
-97.06666657	0.00328811
-97.03333323	0.00438159
-96.99999990	0.00563816
-96.96666657	0.00693820
-96.93333323	0.00818078
-96.89999990	0.00928183
-96.86666657	0.01004033
-96.83333323	0.01026678
-96.79999990	0.00999625
-96.76666657	0.00912764
-96.73333323	0.00805518
-96.69999990	0.00664622
-96.66666657	0.00537827
-96.63333323	0.00408019
-96.59999990	0.00299036
-96.56666657	0.00237393
-96.53333323	0.00214513
-96.49999990	0.00205244
-96.46666657	0.00197229
-96.43333323	0.00197980
-96.39999990	0.00180149
-96.36666657	0.00144849
-96.33333323	0.00099092
-96.29999990	0.00020577
-96.26666657	-0.00055034
-96.23333323	-0.00137190
-96.19999990	-0.00208631
-96.16666657	-0.00271716
-96.13333323	-0.00316004
-96.09999990	-0.00329620
-96.06666657	-0.00333016
-96.03333323	-0.00318918
-95.99999990	-0.00307563
-95.96666657	-0.00279663
-95.93333323	-0.00260387
-95.89999990	-0.00249684
-95.86666657	-0.00250030
-95.83333323	-0.00269170
-95.79999990	-0.00301606
-95.76666656	-0.00367844
-95.73333323	-0.00441538
-95.69999990	-0.00532458
-95.66666656	-0.00634029
-95.63333323	-0.00724259
-95.59999990	-0.00799160
-95.56666656	-0.00836637
-95.53333323	-0.00855668
-95.49999990	-0.00838719
-95.46666656	-0.00779730
-95.43333323	-0.00696748
-95.39999990	-0.00601450
-95.36666656	-0.00501151
-95.33333323	-0.00395035
-95.29999990	-0.00307943
-95.26666656	-0.00229341
-95.23333323	-0.00176010
-95.19999990	-0.00131582
-95.16666656	-0.00111606
-95.13333323	-0.00104676
-95.09999990	-0.00120293
-95.06666656	-0.00158147
-95.03333323	-0.00206099
-94.99999990	-0.00258275
-94.96666656	-0.00316309
-94.93333323	-0.00373849
-94.89999990	-0.00412610
-94.86666656	-0.00445424
-94.83333323	-0.00443212
-94.79999990	-0.00411557
-94.76666656	-0.00334073
-94.73333323	-0.00220197
-94.69999990	-0.00065369
-94.66666656	0.00102877
-94.63333323	0.00293767
-94.59999990	0.00487502
-94.56666656	0.00658932
-94.53333323	0.00809757
-94.49999990	0.00905392
-94.46666656	0.00965480
-94.43333323	0.00985464
-94.39999990	0.00943348
-94.36666656	0.00855966
-94.33333323	0.00745119
-94.29999990	0.00592412
-94.26666656	0.00427150
-94.23333323	0.00246153
-94.19999990	0.00040856
-94.16666656	-0.00159752
-94.13333323	-0.00367421
-94.09999990	-0.00578564
-94.06666656	-0.00779608
-94.03333323	-0.00974267
-93.99999990	-0.01166763
-93.96666656	-0.01335101
-93.93333323	-0.01492287
-93.89999990	-0.01622467
-93.86666656	-0.01726692
-93.83333323	-0.01799229
-93.79999990	-0.01812387
-93.76666656	-0.01775564
-93.73333323	-0.01658716
-93.69999990	-0.01474638
-93.66666656	-0.01234773
-93.63333323	-0.00938744
-93.59999990	-0.00613931
-93.56666656	-0.00272022
-93.53333323	0.00052070
-93.49999990	0.00342115
-93.46666656	0.00583913
-93.43333323	0.00765592
-93.39999990	0.00893428
-93.36666656	0.00948020
-93.33333323	0.00953061
-93.29999990	0.00902136
-93.26666656	0.00837392
-93.23333323	0.00724611
-93.19999990	0.00617289
-93.16666656	0.00513829
-93.13333323	0.00420739
-93.09999989	0.00351728
-93.06666656	0.00317476
-93.03333323	0.00315636
-92.99999989	0.00367708
-92.96666656	0.00442047
-92.93333323	0.00545527
-92.89999989	0.00648491
-92.86666656	0.00758368
-92.83333323	0.00867898
-92.79999989	0.00950665
-92.76666656	0.01009894
-92.73333323	0.01032918
-92.69999989	0.01017417
-92.66666656	0.00946728
-92.63333323	0.00827275
-92.59999989	0.00660036
-92.56666656	0.00459817
-92.53333323	0.00221467
-92.49999989	-0.00025323
-92.46666656	-0.00279432
-92.43333323	-0.00527173
-92.39999989	-0.00752237
-92.36666656	-0.00945093
-92.33333323	-0.01122038
-92.29999989	-0.01249154
-92.26666656	-0.01336780
-92.23333323	-0.01414015
-92.19999989	-0.01454101
-92.16666656	-0.01485747
-92.13333323	-0.01482457
-92.09999989	-0.01456021
-92.06666656	-0.01414595
-92.03333323	-0.01344821
-91.99999989	-0.01235919
-91.96666656	-0.01090559
-91.93333323	-0.00927037
-91.89999989	-0.00726200
-91.86666656	-0.00512515
-91.83333323	-0.00291952
-91.79999989	-0.00062741
-91.76666656	0.00141699
-91.73333323	0.00351526
-91.69999989	0.00501993
-91.66666656	0.00619590
-91.63333323	0.00677877
-91.59999989	0.00676696
-91.56666656	0.00615347
-91.53333323	0.00504660
-91.49999989	0.00363406
-91.46666656	0.00167418
-91.43333323	-0.00035933
-91.39999989	-0.00219287
-91.36666656	-0.00398734
-91.33333323	-0.00527735
-91.29999989	-0.00620617
-91.26666656	-0.00669752
-91.23333323	-0.00674062
-91.19999989	-0.00620552
-91.16666656	-0.00543416
-91.13333323	-0.00456559
-91.09999989	-0.00344463
-91.06666656	-0.00226373
-91.03333323	-0.00106452
-90.99999989	-0.00006163
-90.96666656	0.00078350
-90.93333323	0.00130459
-90.89999989	0.00160968
-90.86666656	0.00165954
-90.83333323	0.00154534
-90.79999989	0.00113378
-90.76666656	0.00067161
-90.73333323	0.00016413
-90.69999989	-0.00058746
-90.66666656	-0.00112363
-90.63333323	-0.00172460
-90.59999989	-0.00229910
-90.56666656	-0.00294720
-90.53333323	-0.00360636
-90.49999989	-0.00420199
-90.46666656	-0.00492460
-90.43333322	-0.00555331
-90.39999989	-0.00605845
-90.36666656	-0.00650076
-90.33333322	-0.00668334
-90.29999989	-0.00686968
-90.26666656	-0.00680660
-90.23333322	-0.00670495
-90.19999989	-0.00659118
-90.16666656	-0.00657180
-90.13333322	-0.00665458
-90.09999989	-0.00676742
-90.06666656	-0.00700436
-90.03333322	-0.00716899
-89.99999989	-0.00729862
-89.96666656	-0.00728144
-89.93333322	-0.00710207
-89.89999989	-0.00667961
-89.86666656	-0.00596436
-89.83333322	-0.00515399
-89.79999989	-0.00419554
-89.76666656	-0.00324411
-89.73333322	-0.00252846
-89.69999989	-0.00170309
-89.66666656	-0.00116589
-89.63333322	-0.00073240
-89.59999989	-0.00059607
-89.56666656	-0.00047284
-89.53333322	-0.00038074
-89.49999989	-0.00014149
-89.46666656	0.00038257
-89.43333322	0.00100821
-89.39999989	0.00183061
-89.36666656	0.00291161
-89.33333322	0.00396392
-89.29999989	0.00488515
-89.26666656	0.00554677
-89.23333322	0.00602767
-89.19999989	0.00612813
-89.16666656	0.00594910
-89.13333322	0.00554251
-89.09999989	0.00483392
-89.06666656	0.00379844
-89.03333322	0.00269253
-88.99999989	0.00145340
-88.96666656	0.00004077
-88.93333322	-0.00143376
-88.89999989	-0.00262629
-88.86666656	-0.00393881
-88.83333322	-0.00487288
-88.79999989	-0.00583092
-88.76666656	-0.00656030
-88.73333322	-0.00723603
-88.69999989	-0.00770144
-88.66666656	-0.00804810
-88.63333322	-0.00848237
-88.59999989	-0.00884159
-88.56666656	-0.00905493
-88.53333322	-0.00951025
-88.49999989	-0.00994807
-88.46666656	-0.01074147
-88.43333322	-0.01133983
-88.39999989	-0.01192982
-88.36666656	-0.01270283
-88.33333322	-0.01301209
-88.29999989	-0.01321403
-88.26666656	-0.01299327
-88.23333322	-0.01246362
-88.19999989	-0.01169282
-88.16666656	-0.01067031
-88.13333322	-0.00923359
-88.09999989	-0.00774927
-88.06666656	-0.00633486
-88.03333322	-0.00489915
-87.99999989	-0.00364048
-87.96666656	-0.00249552
-87.93333322	-0.00149863
-87.89999989	-0.00067637
-87.86666656	0.00004869
-87.83333322	0.00046993
-87.79999989	0.00083749
-87.76666655	0.00123647
-87.73333322	0.00144766
-87.69999989	0.00164354
-87.66666655	0.00178944
-87.63333322	0.00212147
-87.59999989	0.00238457
-87.56666655	0.00261341
-87.53333322	0.00286118
-87.49999989	0.00280385
-87.46666655	0.00260358
-87.43333322	0.00215508
-87.39999989	0.00141375
-87.36666655	0.00046943
-87.33333322	-0.00063134
-87.29999989	-0.00199052
-87.26666655	-0.00334274
-87.23333322	-0.00474585
-87.19999989	-0.00610197
-87.16666655	-0.00739074
-87.13333322	-0.00846629
-87.09999989	-0.00955824
-87.06666655	-0.01036958
-87.03333322	-0.01102694
-86.99999989	-0.01132533
-86.96666655	-0.01149686
-86.93333322	-0.01120274
-86.89999989	-0.01067961
-86.86666655	-0.00988070
-86.83333322	-0.00902007
-86.79999989	-0.00798278
-86.76666655	-0.00678402
-86.73333322	-0.00568195
-86.69999989	-0.00472706
-86.66666655	-0.00376790
-86.63333322	-0.00297831
-86.59999989	-0.00235996
-86.56666655	-0.00152105
-86.53333322	-0.00095871
-86.49999989	-0.00041681
-86.46666655	-0.00001000
-86.43333322	0.00043789
-86.39999989	0.00083091
-86.36666655	0.00126016
-86.33333322	0.00166203
-86.29999989	0.00205890
-86.26666655	0.00228637
-86.23333322	0.00240904
-86.19999989	0.00262361
-86.16666655	0.00238781
-86.13333322	0.00230774
-86.09999989	0.00190274
-86.06666655	0.00133588
-86.03333322	0.00097084
-85.99999989	0.00050986
-85.96666655	-0.00004115
-85.93333322	-0.00018412
-85.89999989	-0.00028397
-85.86666655	-0.00013080
-85.83333322	0.00023606
-85.79999989	0.00082262
-85.76666655	0.00150390
-85.73333322	0.00212654
-85.69999989	0.00267481
-85.66666655	0.00294820
-85.63333322	0.00286874
-85.59999989	0.00265170
-85.56666655	0.00201075
-85.53333322	0.00134873
-85.49999989	0.00070053
-85.46666655	0.00019191
-85.43333322	-0.00013814
-85.39999989	-0.00023283
-85.36666655	0.00003592
-85.33333322	0.00013894
-85.29999989	0.00040655
-85.26666655	0.00044143
-85.23333322	0.00026117
-85.19999989	-0.00011282
-85.16666655	-0.00080988
-85.13333322	-0.00189329
-85.09999988	-0.00304491
-85.06666655	-0.00425421
-85.03333322	-0.00555262
-84.99999988	-0.00677400
-84.96666655	-0.00778834
-84.93333322	-0.00847987
-84.89999988	-0.00925558
-84.86666655	-0.00977089
-84.83333322	-0.01015157
-84.79999988	-0.01014830
-84.76666655	-0.01007732
-84.73333322	-0.00998351
-84.69999988	-0.00967041
-84.66666655	-0.00934658
-84.63333322	-0.00886890
-84.59999988	-0.00831434
-84.56666655	-0.00774346
-84.53333322	-0.00698386
-84.49999988	-0.00651033
-84.46666655	-0.00599424
-84.43333322	-0.00567201
-84.39999988	-0.00575254
-84.36666655	-0.00596202
-84.33333322	-0.00645418
-84.29999988	-0.00704455
-84.26666655	-0.00765013
-84.23333322	-0.00835129
-84.19999988	-0.00884641
-84.16666655	-0.00904891
-84.13333322	-0.00904341
-84.09999988	-0.00867726
-84.06666655	-0.00807297
-84.03333322	-0.00727306
-83.99999988	-0.00632609
-83.96666655	-0.00544616
-83.93333322	-0.00472405
-83.89999988	-0.00419577
-83.86666655	-0.00395281
-83.83333322	-0.00370892
-83.79999988	-0.00378709
-83.76666655	-0.00385536
-83.73333322	-0.00387940
-83.69999988	-0.00390489
-83.66666655	-0.00390398
-83.63333322	-0.00378168
-83.59999988	-0.00356721
-83.56666655	-0.00328380
-83.53333322	-0.00307472
-83.49999988	-0.00284451
-83.46666655	-0.00292325
-83.43333322	-0.00331995
-83.39999988	-0.00393000
-83.36666655	-0.00476211
-83.33333322	-0.00606655
-83.29999988	-0.00734850
-83.26666655	-0.00896414
-83.23333322	-0.01029667
-83.19999988	-0.01170897
-83.16666655	-0.01283696
-83.13333322	-0.01374597
-83.09999988	-0.01424989
-83.06666655	-0.01418553
-83.03333322	-0.01387240
-82.99999988	-0.01329279
-82.96666655	-0.01213489
-82.93333322	-0.01058679
-82.89999988	-0.00883344
-82.86666655	-0.00682812
-82.83333322	-0.00470087
-82.79999988	-0.00238965
-82.76666655	-0.00023155
-82.73333322	0.00160302
-82.69999988	0.00306799
-82.66666655	0.00432981
-82.63333322	0.00525029
-82.59999988	0.00593080
-82.56666655	0.00641532
-82.53333322	0.00680978
-82.49999988	0.00702087
-82.46666655	0.00718218
-82.43333321	0.00733117
-82.39999988	0.00732195
-82.36666655	0.00726267
-82.33333321	0.00731862
-82.29999988	0.00728953
-82.26666655	0.00721328
-82.23333321	0.00688534
-82.19999988	0.00654475
-82.16666655	0.00591336
-82.13333321	0.00526070
-82.09999988	0.00444754
-82.06666655	0.00360265
-82.03333321	0.00277347
-81.99999988	0.00196579
-81.96666655	0.00123472
-81.93333321	0.00082827
-81.89999988	0.00053740
-81.86666655	0.00049284
-81.83333321	0.00045956
-81.79999988	0.00081430
-81.76666655	0.00111930
-81.73333321	0.00149488
-81.69999988	0.00199281
-81.66666655	0.00236349
-81.63333321	0.00281979
-81.59999988	0.00310572
-81.56666655	0.00333451
-81.53333321	0.00323714
-81.49999988	0.00313340
-81.46666655	0.00269094
-81.43333321	0.00221244
-81.39999988	0.00157021
-81.36666655	0.00103518
-81.33333321	0.00046352
-81.29999988	0.00011278
-81.26666655	0.00008072
-81.23333321	0.00031256
-81.19999988	0.00078456
-81.16666655	0.00155909
-81.13333321	0.00233009
-81.09999988	0.00338205
-81.06666655	0.00451964
-81.03333321	0.00573714
-80.99999988	0.00688311
-80.96666655	0.00791770
-80.93333321	0.00898072
-80.89999988	0.00981940
-80.86666655	0.01052693
-80.83333321	0.01100053
-80.79999988	0.01116751
-80.76666655	0.01115276
-80.73333321	0.01080701
-80.69999988	0.01037373
-80.66666655	0.00982322
-80.63333321	0.00922954
-80.59999988	0.00874505
-80.56666655	0.00848925
-80.53333321	0.00837065
-80.49999988	0.00843150
-80.46666655	0.00853656
-80.43333321	0.00884007
-80.39999988	0.00918364
-80.36666655	0.00952345
-80.33333321	0.00984423
-80.29999988	0.01006489
-80.26666655	0.01001275
-80.23333321	0.01017138
-80.19999988	0.01003924
-80.16666655	0.01008431
-80.13333321	0.01007274
-80.09999988	0.01017126
-80.06666655	0.01020201
-80.03333321	0.01051509
-79.99999988	0.01077298
-79.96666655	0.01095378
-79.93333321	0.01122899
-79.89999988	0.01128547
-79.86666654	0.01123393
-79.83333321	0.01114861
-79.79999988	0.01063501
-79.76666654	0.01016085
-79.73333321	0.00946294
-79.69999988	0.00857521
-79.66666654	0.00751602
-79.63333321	0.00634518
-79.59999988	0.00508757
-79.56666654	0.00380741
-79.53333321	0.00262955
-79.49999988	0.00158402
-79.46666654	0.00065893
-79.43333321	0.00017231
-79.39999988	0.00003987
-79.36666654	0.00004204
-79.33333321	0.00051820
-79.29999988	0.00100606
-79.26666654	0.00183490
-79.23333321	0.00272806
-79.19999988	0.00355319
-79.16666654	0.00434966
-79.13333321	0.00490354
-79.09999988	0.00546382
-79.06666654	0.00567215
-79.03333321	0.00560376
-78.99999988	0.00527129
-78.96666654	0.00473656
-78.93333321	0.00423222
-78.89999988	0.00369657
-78.86666654	0.00315991
-78.83333321	0.00264547
-78.79999988	0.00221835
-78.76666654	0.00214360
-78.73333321	0.00212431
-78.69999988	0.00235890
-78.66666654	0.00277322
-78.63333321	0.00327470
-78.59999988	0.00370840
-78.56666654	0.00437984
-78.53333321	0.00506480
-78.49999988	0.00572032
-78.46666654	0.00641412
-78.43333321	0.00676209
-78.39999988	0.00703453
-78.36666654	0.00699897
-78.33333321	0.00668328
-78.29999988	0.00613675
-78.26666654	0.00546053
-78.23333321	0.00447814
-78.19999988	0.00305514
-78.16666654	0.00149531
-78.13333321	-0.00017213
-78.09999988	-0.00201684
-78.06666654	-0.00397024
-78.03333321	-0.00600604
-77.99999988	-0.00792114
-77.96666654	-0.00973887
-77.93333321	-0.01144951
-77.89999988	-0.01294991
-77.86666654	-0.01408996
-77.83333321	-0.01488392
-77.79999988	-0.01529243
-77.76666654	-0.01534316
-77.73333321	-0.01515843
-77.69999988	-0.01483901
-77.66666654	-0.01440318
-77.63333321	-0.01368145
-77.59999988	-0.01263594
-77.56666654	-0.01163899
-77.53333321	-0.01038051
-77.49999988	-0.00901084
-77.46666654	-0.00749470
-77.43333321	-0.00603047
-77.39999988	-0.00470825
-77.36666654	-0.00345589
-77.33333321	-0.00263386
-77.29999988	-0.00211911
-77.26666654	-0.00191047
-77.23333321	-0.00197561
-77.19999987	-0.00248151
-77.16666654	-0.00303013
-77.13333321	-0.00382336
-77.09999987	-0.00470441
-77.06666654	-0.00561601
-77.03333321	-0.00641370
-76.99999987	-0.00707729
-76.96666654	-0.00758193
-76.93333321	-0.00777972
-76.89999987	-0.00770606
-76.86666654	-0.00718685
-76.83333321	-0.00651068
-76.79999987	-0.00563968
-76.76666654	-0.00466389
-76.73333321	-0.00372130
-76.69999987	-0.00273239
-76.66666654	-0.00200975
-76.63333321	-0.00145349
-76.59999987	-0.00108387
-76.56666654	-0.00092279
-76.53333321	-0.00086168
-76.49999987	-0.00116827
-76.46666654	-0.00154148
-76.43333321	-0.00222262
-76.39999987	-0.00307665
-76.36666654	-0.00406160
-76.33333321	-0.00510063
-76.29999987	-0.00616188
-76.26666654	-0.00727771
-76.23333321	-0.00828927
-76.19999987	-0.00915047
-76.16666654	-0.00972242
-76.13333321	-0.01024351
-76.09999987	-0.01041665
-76.06666654	-0.01023889
-76.03333321	-0.00979191
-75.99999987	-0.00912947
-75.96666654	-0.00835187
-75.93333321	-0.00744388
-75.89999987	-0.00654620
-75.86666654	-0.00583076
-75.83333321	-0.00516660
-75.79999987	-0.00465193
-75.76666654	-0.00429209
-75.73333321	-0.00393411
-75.69999987	-0.00362214
-75.66666654	-0.00339951
-75.63333321	-0.00314448
-75.59999987	-0.00274931
-75.56666654	-0.00240925
-75.53333321	-0.00215083
-75.49999987	-0.00198028
-75.46666654	-0.00187758
-75.43333321	-0.00214242
-75.39999987	-0.00238708
-75.36666654	-0.00302144
-75.33333321	-0.00377223
-75.29999987	-0.00461245
-75.26666654	-0.00560316
-75.23333321	-0.00641294
-75.19999987	-0.00728414
-75.16666654	-0.00772906
-75.13333321	-0.00816684
-75.09999987	-0.00849170
-75.06666654	-0.00853974
-75.03333321	-0.00840876
-74.99999987	-0.00807189
-74.96666654	-0.00751171
-74.93333321	-0.00695210
-74.89999987	-0.00620066
-74.86666654	-0.00561441
-74.83333321	-0.00487861
-74.79999987	-0.00429732
-74.76666654	-0.00389578
-74.73333321	-0.00379980
-74.69999987	-0.00372613
-74.66666654	-0.00396182
