-174.63333333	0.00074584
-174.60000000	0.00052198
-174.56666666	0.00044660
-174.53333333	0.00036489
-174.50000000	0.00025595
-174.46666666	0.00006752
-174.43333333	-0.00002301
-174.40000000	-0.00017326
-174.36666666	-0.00023571
-174.33333333	-0.00026113
-174.30000000	-0.00034299
-174.26666666	-0.00026554
-174.23333333	-0.00009378
-174.20000000	-0.00003163
-174.16666666	0.00000923
-174.13333333	0.00007033
-174.10000000	0.00008379
-174.06666666	0.00024497
-174.03333333	0.00019221
-174.00000000	0.00013834
-173.96666666	0.00004657
-173.93333333	0.00007346
-173.90000000	-0.00002034
-173.86666666	-0.00005907
-173.83333333	-0.00028443
-173.80000000	-0.00037719
-173.76666666	-0.00040460
-173.73333333	-0.00036027
-173.70000000	-0.00032876
-173.66666666	-0.00033850
-173.63333333	-0.00014115
-173.60000000	-0.00016795
-173.56666666	-0.00010293
-173.53333333	0.00007106
-173.50000000	0.00017271
-173.46666666	0.00027047
-173.43333333	0.00024818
-173.40000000	0.00023630
-173.36666666	0.00044130
-173.33333333	0.00034612
-173.30000000	0.00029266
-173.26666666	0.00015930
-173.23333333	0.00014570
-173.20000000	0.00003721
-173.16666666	-0.00015196
-173.13333333	-0.00022139
-173.10000000	-0.00041443
-173.06666666	-0.00039059
-173.03333333	-0.00046464
-173.00000000	-0.00045215
-172.96666666	-0.00034594
-172.93333333	-0.00034589
-172.90000000	-0.00017683
-172.86666666	-0.00005875
-172.83333333	-0.00000795
-172.80000000	0.00016872
-172.76666666	0.00023246
-172.73333333	0.00035266
-172.70000000	0.00042770
-172.66666666	0.00032788
-172.63333333	0.00043371
-172.60000000	0.00035859
-172.56666666	0.00027587
-172.53333333	0.00011481
-172.50000000	-0.00018174
-172.46666666	-0.00027200
-172.43333333	-0.00056621
-172.40000000	-0.00067382
-172.36666666	-0.00065319
-172.33333333	-0.00063474
-172.30000000	-0.00061887
-172.26666666	-0.00056408
-172.23333333	-0.00048216
-172.20000000	-0.00028101
-172.16666666	-0.00023389
-172.13333333	-0.00006025
-172.09999999	0.00014039
-172.06666666	0.00017658
-172.03333333	0.00019921
-171.99999999	0.00021072
-171.96666666	0.00035161
-171.93333333	0.00025632
-171.89999999	0.00014164
-171.86666666	0.00007996
-171.83333333	-0.00003009
-171.79999999	-0.00019797
-171.76666666	-0.00028468
-171.73333333	-0.00045286
-171.69999999	-0.00045125
-171.66666666	-0.00069639
-171.63333333	-0.00070298
-171.59999999	-0.00061948
-171.56666666	-0.00050870
-171.53333333	-0.00049457
-171.49999999	-0.00026304
-171.46666666	-0.00012238
-171.43333333	0.00020747
-171.39999999	0.00034092
-171.36666666	0.00050190
-171.33333333	0.00074898
-171.29999999	0.00070201
-171.26666666	0.00078050
-171.23333333	0.00076533
-171.19999999	0.00080305
-171.16666666	0.00063161
-171.13333333	0.00060940
-171.09999999	0.00047069
-171.06666666	0.00027938
-171.03333333	0.00011483
-170.99999999	0.00000814
-170.96666666	-0.00003189
-170.93333333	-0.00017904
-170.89999999	-0.00020394
-170.86666666	-0.00024832
-170.83333333	-0.00013922
-170.79999999	-0.00021576
-170.76666666	-0.00004246
-170.73333333	0.00006496
-170.69999999	0.00015921
-170.66666666	0.00023986
-170.63333333	0.00041407
-170.59999999	0.00036856
-170.56666666	0.00048051
-170.53333333	0.00034402
-170.49999999	0.00032673
-170.46666666	0.00028650
-170.43333333	0.00012271
-170.39999999	-0.00000466
-170.36666666	-0.00023553
-170.33333333	-0.00050964
-170.29999999	-0.00069182
-170.26666666	-0.00067520
-170.23333333	-0.00104888
-170.19999999	-0.00096210
-170.16666666	-0.00117040
-170.13333333	-0.00113703
-170.09999999	-0.00122458
-170.06666666	-0.00126251
-170.03333333	-0.00121901
-169.99999999	-0.00101368
-169.96666666	-0.00087496
-169.93333333	-0.00076065
-169.89999999	-0.00059389
-169.86666666	-0.00042771
-169.83333333	-0.00023596
-169.79999999	-0.00020235
-169.76666666	-0.00020756
-169.73333333	-0.00008038
-169.69999999	-0.00004439
-169.66666666	-0.00020120
-169.63333333	-0.00024505
-169.59999999	-0.00033889
-169.56666666	-0.00053222
-169.53333333	-0.00073293
-169.49999999	-0.00084962
-169.46666666	-0.00100223
-169.43333333	-0.00127661
-169.39999999	-0.00131317
-169.36666666	-0.00138831
-169.33333333	-0.00128798
-169.29999999	-0.00117451
-169.26666666	-0.00114560
-169.23333333	-0.00106480
-169.19999999	-0.00081042
-169.16666666	-0.00059878
-169.13333333	-0.00041319
-169.09999999	-0.00019101
-169.06666666	0.00006954
-169.03333333	0.00023474
-168.99999999	0.00033213
-168.96666666	0.00042815
-168.93333333	0.00047545
-168.89999999	0.00041275
-168.86666666	0.00036154
-168.83333333	0.00024516
-168.79999999	0.00006554
-168.76666666	-0.00004528
-168.73333333	-0.00033499
-168.69999999	-0.00044438
-168.66666666	-0.00061203
-168.63333332	-0.00072682
-168.59999999	-0.00070008
-168.56666666	-0.00077595
-168.53333332	-0.00075325
-168.49999999	-0.00056536
-168.46666666	-0.00048999
-168.43333332	-0.00032580
-168.39999999	-0.00017570
-168.36666666	-0.00001891
-168.33333332	0.00023391
-168.29999999	0.00030971
-168.26666666	0.00058443
-168.23333332	0.00061483
-168.19999999	0.00070117
-168.16666666	0.00078183
-168.13333332	0.00073828
-168.09999999	0.00084628
-168.06666666	0.00073474
-168.03333332	0.00071597
-167.99999999	0.00052346
-167.96666666	0.00029966
-167.93333332	0.00003848
-167.89999999	-0.00001999
-167.86666666	-0.00027277
-167.83333332	-0.00033477
-167.79999999	-0.00038383
-167.76666666	-0.00050812
-167.73333332	-0.00055567
-167.69999999	-0.00062234
-167.66666666	-0.00038625
-167.63333332	-0.00045316
-167.59999999	-0.00021147
-167.56666666	-0.00015762
-167.53333332	0.00009212
-167.49999999	0.00018021
-167.46666666	0.00040092
-167.43333332	0.00049914
-167.39999999	0.00052995
-167.36666666	0.00051498
-167.33333332	0.00054541
-167.29999999	0.00032272
-167.26666666	0.00036167
-167.23333332	0.00014578
-167.19999999	-0.00006125
-167.16666666	-0.00021414
-167.13333332	-0.00046029
-167.09999999	-0.00061906
-167.06666666	-0.00088542
-167.03333332	-0.00093108
-166.99999999	-0.00108781
-166.96666666	-0.00127486
-166.93333332	-0.00127617
-166.89999999	-0.00130722
-166.86666666	-0.00120142
-166.83333332	-0.00098243
-166.79999999	-0.00089518
-166.76666666	-0.00064168
-166.73333332	-0.00046876
-166.69999999	-0.00013670
-166.66666666	0.00003845
-166.63333332	0.00030138
-166.59999999	0.00048572
-166.56666666	0.00056649
-166.53333332	0.00058016
-166.49999999	0.00067504
-166.46666666	0.00070734
-166.43333332	0.00067523
-166.39999999	0.00055917
-166.36666666	0.00034851
-166.33333332	0.00029417
-166.29999999	0.00014710
-166.26666666	-0.00007954
-166.23333332	-0.00023049
-166.19999999	-0.00040865
-166.16666666	-0.00056077
-166.13333332	-0.00061130
-166.09999999	-0.00059875
-166.06666666	-0.00068354
-166.03333332	-0.00069320
-165.99999999	-0.00055869
-165.96666666	-0.00042830
-165.93333332	-0.00032250
-165.89999999	-0.00006214
-165.86666666	0.00016324
-165.83333332	0.00050388
-165.79999999	0.00061859
-165.76666666	0.00079951
-165.73333332	0.00103918
-165.69999999	0.00126032
-165.66666666	0.00129518
-165.63333332	0.00128785
-165.59999999	0.00126648
-165.56666666	0.00116292
-165.53333332	0.00105530
-165.49999999	0.00087440
-165.46666666	0.00067862
-165.43333332	0.00043536
-165.39999999	0.00019814
-165.36666666	-0.00010996
-165.33333332	-0.00028015
-165.29999999	-0.00047855
-165.26666666	-0.00067219
-165.23333332	-0.00079468
-165.19999999	-0.00093718
-165.16666665	-0.00099377
-165.13333332	-0.00094662
-165.09999999	-0.00082916
-165.06666665	-0.00073739
-165.03333332	-0.00053294
-164.99999999	-0.00030176
-164.96666665	-0.00003710
-164.93333332	0.00013600
-164.89999999	0.00036384
-164.86666665	0.00064564
-164.83333332	0.00079812
-164.79999999	0.00102129
-164.76666665	0.00110294
-164.73333332	0.00114150
-164.69999999	0.00106988
-164.66666665	0.00106839
-164.63333332	0.00089012
-164.59999999	0.00077098
-164.56666665	0.00052210
-164.53333332	0.00035963
-164.49999999	0.00003321
-164.46666665	-0.00023221
-164.43333332	-0.00045054
-164.39999999	-0.00065466
-164.36666665	-0.00100047
-164.33333332	-0.00099623
-164.29999999	-0.00116175
-164.26666665	-0.00126390
-164.23333332	-0.00118707
-164.19999999	-0.00125749
-164.16666665	-0.00122397
-164.13333332	-0.00115822
-164.09999999	-0.00097165
-164.06666665	-0.00066558
-164.03333332	-0.00049550
-163.99999999	-0.00020585
-163.96666665	0.00000425
-163.93333332	0.00033292
-163.89999999	0.00048566
-163.86666665	0.00077050
-163.83333332	0.00093708
-163.79999999	0.00099746
-163.76666665	0.00104079
-163.73333332	0.00102474
-163.69999999	0.00091136
-163.66666665	0.00072453
-163.63333332	0.00054534
-163.59999999	0.00031037
-163.56666665	0.00012238
-163.53333332	-0.00019221
-163.49999999	-0.00040492
-163.46666665	-0.00057224
-163.43333332	-0.00079369
-163.39999999	-0.00099203
-163.36666665	-0.00117759
-163.33333332	-0.00121681
-163.29999999	-0.00120777
-163.26666665	-0.00122029
-163.23333332	-0.00107855
-163.19999999	-0.00104252
-163.16666665	-0.00081061
-163.13333332	-0.00066205
-163.09999999	-0.00046070
-163.06666665	-0.00023911
-163.03333332	0.00004678
-162.99999999	0.00032230
-162.96666665	0.00044846
-162.93333332	0.00069314
-162.89999999	0.00097424
-162.86666665	0.00095349
-162.83333332	0.00102038
-162.79999999	0.00112066
-162.76666665	0.00103183
-162.73333332	0.00097008
-162.69999999	0.00084867
-162.66666665	0.00072090
-162.63333332	0.00060824
-162.59999999	0.00037673
-162.56666665	0.00027547
-162.53333332	0.00015037
-162.49999999	-0.00002573
-162.46666665	0.00002215
-162.43333332	-0.00022074
-162.39999999	-0.00026899
-162.36666665	-0.00021409
-162.33333332	-0.00028698
-162.29999999	-0.00014206
-162.26666665	-0.00020660
-162.23333332	-0.00022266
-162.19999999	-0.00011556
-162.16666665	0.00002089
-162.13333332	0.00005705
-162.09999999	0.00004345
-162.06666665	0.00023210
-162.03333332	0.00024211
-161.99999999	0.00030193
-161.96666665	0.00025560
-161.93333332	0.00043855
-161.89999999	0.00041948
-161.86666665	0.00040153
-161.83333332	0.00029158
-161.79999998	0.00026877
-161.76666665	0.00018401
-161.73333332	0.00012386
-161.69999998	0.00004621
-161.66666665	-0.00015833
-161.63333332	-0.00015308
-161.59999998	-0.00021576
-161.56666665	-0.00020480
-161.53333332	-0.00027268
-161.49999998	-0.00039327
-161.46666665	-0.00041368
-161.43333332	-0.00036210
-161.39999998	-0.00040507
-161.36666665	-0.00041292
-161.33333332	-0.00042098
-161.29999998	-0.00041079
-161.26666665	-0.00033940
-161.23333332	-0.00036852
-161.19999998	-0.00038474
-161.16666665	-0.00035712
-161.13333332	-0.00039599
-161.09999998	-0.00039115
-161.06666665	-0.00039128
-161.03333332	-0.00043062
-160.99999998	-0.00032721
-160.96666665	-0.00037433
-160.93333332	-0.00032879
-160.89999998	-0.00025939
-160.86666665	-0.00029566
-160.83333332	-0.00037376
-160.79999998	-0.00037881
-160.76666665	-0.00048477
-160.73333332	-0.00035132
-160.69999998	-0.00061551
-160.66666665	-0.00065153
-160.63333332	-0.00068603
-160.59999998	-0.00092106
-160.56666665	-0.00098707
-160.53333332	-0.00102991
-160.49999998	-0.00111171
-160.46666665	-0.00119291
-160.43333332	-0.00129091
-160.39999998	-0.00112613
-160.36666665	-0.00122902
-160.33333332	-0.00117433
-160.29999998	-0.00108906
-160.26666665	-0.00117614
-160.23333332	-0.00113719
-160.19999998	-0.00113013
-160.16666665	-0.00094031
-160.13333332	-0.00093284
-160.09999998	-0.00083994
-160.06666665	-0.00077741
-160.03333332	-0.00071607
-159.99999998	-0.00058512
-159.96666665	-0.00056186
-159.93333332	-0.00054125
-159.89999998	-0.00050161
-159.86666665	-0.00036558
-159.83333332	-0.00031939
-159.79999998	-0.00013874
-159.76666665	-0.00020010
-159.73333332	0.00003172
-159.69999998	0.00011582
-159.66666665	0.00024426
-159.63333332	0.00039484
-159.59999998	0.00059126
-159.56666665	0.00076896
-159.53333332	0.00087738
-159.49999998	0.00093717
-159.46666665	0.00098708
-159.43333332	0.00114552
-159.39999998	0.00111608
-159.36666665	0.00125515
-159.33333332	0.00125479
-159.29999998	0.00126569
-159.26666665	0.00124818
-159.23333332	0.00126114
-159.19999998	0.00117855
-159.16666665	0.00127344
-159.13333332	0.00123253
-159.09999998	0.00118937
-159.06666665	0.00123765
-159.03333332	0.00115379
-158.99999998	0.00107378
-158.96666665	0.00092221
-158.93333332	0.00086055
-158.89999998	0.00060403
-158.86666665	0.00047031
-158.83333332	0.00029526
-158.79999998	0.00013241
-158.76666665	-0.00004003
-158.73333332	-0.00027201
-158.69999998	-0.00061662
-158.66666665	-0.00080563
-158.63333332	-0.00110759
-158.59999998	-0.00119945
-158.56666665	-0.00153390
-158.53333332	-0.00176214
-158.49999998	-0.00198015
-158.46666665	-0.00216178
-158.43333332	-0.00238497
-158.39999998	-0.00260360
-158.36666665	-0.00273061
-158.33333331	-0.00292802
-158.29999998	-0.00301056
-158.26666665	-0.00314036
-158.23333331	-0.00324844
-158.19999998	-0.00336626
-158.16666665	-0.00332515
-158.13333331	-0.00325436
-158.09999998	-0.00330500
-158.06666665	-0.00309207
-158.03333331	-0.00305124
-157.99999998	-0.00279069
-157.96666665	-0.00245495
-157.93333331	-0.00206411
-157.89999998	-0.00153974
-157.86666665	-0.00080117
-157.83333331	0.00002384
-157.79999998	0.00090167
-157.76666665	0.00183437
-157.73333331	0.00297568
-157.69999998	0.00407698
-157.66666665	0.00527620
-157.63333331	0.00624430
-157.59999998	0.00722629
-157.56666665	0.00788861
-157.53333331	0.00857344
-157.49999998	0.00879400
-157.46666665	0.00894242
-157.43333331	0.00877076
-157.39999998	0.00827257
-157.36666665	0.00779210
-157.33333331	0.00702524
-157.29999998	0.00612941
-157.26666665	0.00532728
-157.23333331	0.00432568
-157.19999998	0.00345699
-157.16666665	0.00253114
-157.13333331	0.00167001
-157.09999998	0.00094698
-157.06666665	0.00024261
-157.03333331	-0.00038755
-156.99999998	-0.00090638
-156.96666665	-0.00133529
-156.93333331	-0.00175213
-156.89999998	-0.00197295
-156.86666665	-0.00230120
-156.83333331	-0.00248431
-156.79999998	-0.00271788
-156.76666665	-0.00289583
-156.73333331	-0.00315240
-156.69999998	-0.00328414
-156.66666665	-0.00340344
-156.63333331	-0.00354919
-156.59999998	-0.00360564
-156.56666665	-0.00381629
-156.53333331	-0.00397617
-156.49999998	-0.00394189
-156.46666665	-0.00393188
-156.43333331	-0.00379871
-156.39999998	-0.00370305
-156.36666665	-0.00360060
-156.33333331	-0.00345145
-156.29999998	-0.00325723
-156.26666665	-0.00305466
-156.23333331	-0.00287075
-156.19999998	-0.00268518
-156.16666665	-0.00246205
-156.13333331	-0.00219892
-156.09999998	-0.00205963
-156.06666665	-0.00191519
-156.03333331	-0.00198143
-155.99999998	-0.00192353
-155.96666665	-0.00184519
-155.93333331	-0.00178759
-155.89999998	-0.00180291
-155.86666665	-0.00189295
-155.83333331	-0.00189031
-155.79999998	-0.00191915
-155.76666665	-0.00193884
-155.73333331	-0.00179418
-155.69999998	-0.00165419
-155.66666665	-0.00161814
-155.63333331	-0.00147662
-155.59999998	-0.00133747
-155.56666665	-0.00108780
-155.53333331	-0.00090550
-155.49999998	-0.00080994
-155.46666665	-0.00048338
-155.43333331	-0.00041161
-155.39999998	-0.00022362
-155.36666665	-0.00008981
-155.33333331	-0.00010125
-155.29999998	0.00002164
-155.26666665	0.00010501
-155.23333331	0.00028522
-155.19999998	0.00022243
-155.16666665	0.00029493
-155.13333331	0.00039493
-155.09999998	0.00050194
-155.06666665	0.00044352
-155.03333331	0.00052074
-154.99999998	0.00042131
-154.96666665	0.00035500
-154.93333331	0.00022317
-154.89999998	0.00002975
-154.86666664	-0.00012888
-154.83333331	-0.00039681
-154.79999998	-0.00065616
-154.76666664	-0.00097487
-154.73333331	-0.00133811
-154.69999998	-0.00170676
-154.66666664	-0.00213395
-154.63333331	-0.00257902
-154.59999998	-0.00295440
-154.56666664	-0.00338475
-154.53333331	-0.00373728
-154.49999998	-0.00418399
-154.46666664	-0.00464301
-154.43333331	-0.00526181
-154.39999998	-0.00572648
-154.36666664	-0.00641800
-154.33333331	-0.00700582
-154.29999998	-0.00762521
-154.26666664	-0.00837011
-154.23333331	-0.00914615
-154.19999998	-0.00986348
-154.16666664	-0.01064661
-154.13333331	-0.01141319
-154.09999998	-0.01219303
-154.06666664	-0.01299507
-154.03333331	-0.01386322
-153.99999998	-0.01465217
-153.96666664	-0.01544754
-153.93333331	-0.01635524
-153.89999998	-0.01716272
-153.86666664	-0.01789959
-153.83333331	-0.01870425
-153.79999998	-0.01960096
-153.76666664	-0.02061040
-153.73333331	-0.02157701
-153.69999998	-0.02264219
-153.66666664	-0.02389335
-153.63333331	-0.02528692
-153.59999998	-0.02673011
-153.56666664	-0.02833466
-153.53333331	-0.03002872
-153.49999998	-0.03188056
-153.46666664	-0.03390409
-153.43333331	-0.03606569
-153.39999998	-0.03834033
-153.36666664	-0.04071429
-153.33333331	-0.04313066
-153.29999998	-0.04576744
-153.26666664	-0.04842717
-153.23333331	-0.05126105
-153.19999998	-0.05418149
-153.16666664	-0.05716989
-153.13333331	-0.06050432
-153.09999998	-0.06385044
-153.06666664	-0.06752244
-153.03333331	-0.07143269
-152.99999998	-0.07575284
-152.96666664	-0.08038816
-152.93333331	-0.08544259
-152.89999998	-0.09089865
-152.86666664	-0.09705683
-152.83333331	-0.10355140
-152.79999998	-0.11097952
-152.76666664	-0.11901353
-152.73333331	-0.12802226
-152.69999998	-0.13799177
-152.66666664	-0.14880451
-152.63333331	-0.16087242
-152.59999998	-0.17405724
-152.56666664	-0.18847479
-152.53333331	-0.20381966
-152.49999998	-0.22022833
-152.46666664	-0.23721135
-152.43333331	-0.25425762
-152.39999998	-0.27029828
-152.36666664	-0.28428652
-152.33333331	-0.29468822
-152.29999998	-0.29909461
-152.26666664	-0.29504984
-152.23333331	-0.27981248
-152.19999998	-0.25018773
-152.16666664	-0.20342605
-152.13333331	-0.13712524
-152.09999998	-0.04969212
-152.06666664	0.05891338
-152.03333331	0.18722201
-151.99999998	0.33184634
-151.96666664	0.48755150
-151.93333331	0.64756236
-151.89999998	0.80318574
-151.86666664	0.94604695
-151.83333331	1.06758158
-151.79999998	1.16077321
-151.76666664	1.22054880
-151.73333331	1.24465998
-151.69999998	1.23326653
-151.66666664	1.18900960
-151.63333331	1.11621174
-151.59999998	1.02030253
-151.56666664	0.90738436
-151.53333331	0.78340403
-151.49999997	0.65405533
-151.46666664	0.52432949
-151.43333331	0.39821522
-151.39999997	0.27900443
-151.36666664	0.16839222
-151.33333331	0.06775691
-151.29999997	-0.02253389
-151.26666664	-0.10227189
-151.23333331	-0.17143206
-151.19999997	-0.23014894
-151.16666664	-0.27857007
-151.13333331	-0.31744397
-151.09999997	-0.34753628
-151.06666664	-0.37013220
-151.03333331	-0.38650063
-150.99999997	-0.39803554
-150.96666664	-0.40597755
-150.93333331	-0.41110336
-150.89999997	-0.41408602
-150.86666664	-0.41481772
-150.83333331	-0.41338716
-150.79999997	-0.40940883
-150.76666664	-0.40210693
-150.73333331	-0.39172521
-150.69999997	-0.37745041
-150.66666664	-0.35919873
-150.63333331	-0.33704252
-150.59999997	-0.31072930
-150.56666664	-0.28100383
-150.53333331	-0.24860543
-150.49999997	-0.21490102
-150.46666664	-0.18144210
-150.43333331	-0.15033254
-150.39999997	-0.12358694
-150.36666664	-0.10232925
-150.33333331	-0.08818448
-150.29999997	-0.08149517
-150.26666664	-0.08177790
-150.23333331	-0.08805561
-150.19999997	-0.09900446
-150.16666664	-0.11252835
-150.13333331	-0.12682537
-150.09999997	-0.14007550
-150.06666664	-0.14983596
-150.03333331	-0.15469009
-149.99999997	-0.15342323
-149.96666664	-0.14538419
-149.93333331	-0.13086500
-149.89999997	-0.11098576
-149.86666664	-0.08720433
-149.83333331	-0.06193192
-149.79999997	-0.03730698
-149.76666664	-0.01504704
-149.73333331	0.00333366
-149.69999997	0.01712430
-149.66666664	0.02609846
-149.63333331	0.03062213
-149.59999997	0.03140443
-149.56666664	0.02915422
-149.53333331	0.02456693
-149.49999997	0.01817897
-149.46666664	0.01064308
-149.43333331	0.00251108
-149.39999997	-0.00576881
-149.36666664	-0.01352244
-149.33333331	-0.02050213
-149.29999997	-0.02645874
-149.26666664	-0.03120641
-149.23333331	-0.03469068
-149.19999997	-0.03723132
-149.16666664	-0.03858266
-149.13333331	-0.03870674
-149.09999997	-0.03787363
-149.06666664	-0.03602114
-149.03333331	-0.03323537
-148.99999997	-0.02955873
-148.96666664	-0.02502368
-148.93333331	-0.01957648
-148.89999997	-0.01298563
-148.86666664	-0.00498079
-148.83333331	0.00447666
-148.79999997	0.01505683
-148.76666664	0.02637694
-148.73333331	0.03791355
-148.69999997	0.04886093
-148.66666664	0.05828269
-148.63333331	0.06541455
-148.59999997	0.06961269
-148.56666664	0.07034433
-148.53333331	0.06735296
-148.49999997	0.06088522
-148.46666664	0.05081413
-148.43333331	0.03777497
-148.39999997	0.02203663
-148.36666664	0.00478764
-148.33333331	-0.01298670
-148.29999997	-0.02987830
-148.26666664	-0.04439666
-148.23333331	-0.05513167
-148.19999997	-0.06098413
-148.16666664	-0.06113888
-148.13333331	-0.05602670
-148.09999997	-0.04594406
-148.06666664	-0.03203587
-148.03333330	-0.01571727
-147.99999997	0.00128525
-147.96666664	0.01757286
-147.93333330	0.03162493
-147.89999997	0.04189035
-147.86666664	0.04772930
-147.83333330	0.04886468
-147.79999997	0.04542651
-147.76666664	0.03847668
-147.73333330	0.02913207
-147.69999997	0.01888059
-147.66666664	0.00896187
-147.63333330	0.00069021
-147.59999997	-0.00505175
-147.56666664	-0.00806331
-147.53333330	-0.00795323
-147.49999997	-0.00513143
-147.46666664	-0.00000340
-147.43333330	0.00689791
-147.39999997	0.01477684
-147.36666664	0.02317822
-147.33333330	0.03154569
-147.29999997	0.03956555
-147.26666664	0.04690527
-147.23333330	0.05317001
-147.19999997	0.05822288
-147.16666664	0.06189488
-147.13333330	0.06365232
-147.09999997	0.06378861
-147.06666664	0.06199397
-147.03333330	0.05867026
-146.99999997	0.05372352
-146.96666664	0.04777047
-146.93333330	0.04137889
-146.89999997	0.03493820
-146.86666664	0.02928336
-146.83333330	0.02471924
-146.79999997	0.02110969
-146.76666664	0.01813402
-146.73333330	0.01525916
-146.69999997	0.01156819
-146.66666664	0.00680061
-146.63333330	0.00076960
-146.59999997	-0.00639084
-146.56666664	-0.01368255
-146.53333330	-0.02067680
-146.49999997	-0.02656959
-146.46666664	-0.03101516
-146.43333330	-0.03409709
-146.39999997	-0.03575725
-146.36666664	-0.03641394
-146.33333330	-0.03619341
-146.29999997	-0.03536477
-146.26666664	-0.03407615
-146.23333330	-0.03247748
-146.19999997	-0.03078855
-146.16666664	-0.02845109
-146.13333330	-0.02552378
-146.09999997	-0.02185048
-146.06666664	-0.01729852
-146.03333330	-0.01218427
-145.99999997	-0.00632179
-145.96666664	-0.00037464
-145.93333330	0.00589408
-145.89999997	0.01215907
-145.86666664	0.01812555
-145.83333330	0.02378915
-145.79999997	0.02884686
-145.76666664	0.03302157
-145.73333330	0.03595094
-145.69999997	0.03708967
-145.66666664	0.03663912
-145.63333330	0.03447037
-145.59999997	0.03077227
-145.56666664	0.02589625
-145.53333330	0.02032656
-145.49999997	0.01458367
-145.46666664	0.00909470
-145.43333330	0.00440625
-145.39999997	0.00089726
-145.36666664	-0.00112707
-145.33333330	-0.00160422
-145.29999997	-0.00043638
-145.26666664	0.00181975
-145.23333330	0.00495768
-145.19999997	0.00805955
-145.16666664	0.01045574
-145.13333330	0.01183160
-145.09999997	0.01201093
-145.06666664	0.01098997
-145.03333330	0.00928755
-144.99999997	0.00725958
-144.96666664	0.00505375
-144.93333330	0.00265741
-144.89999997	-0.00014356
-144.86666664	-0.00384806
-144.83333330	-0.00834579
-144.79999997	-0.01376485
-144.76666664	-0.01965188
-144.73333330	-0.02590521
-144.69999997	-0.03184557
-144.66666664	-0.03702003
-144.63333330	-0.04091098
-144.59999997	-0.04366685
-144.56666663	-0.04484490
-144.53333330	-0.04469673
-144.49999997	-0.04312359
-144.46666663	-0.04061237
-144.43333330	-0.03731926
-144.39999997	-0.03347561
-144.36666663	-0.02938012
-144.33333330	-0.02535391
-144.29999997	-0.02141001
-144.26666663	-0.01792516
-144.23333330	-0.01526308
-144.19999997	-0.01357822
-144.16666663	-0.01302735
-144.13333330	-0.01379440
-144.09999997	-0.01579558
-144.06666663	-0.01866055
-144.03333330	-0.02217223
-143.99999997	-0.02568700
-143.96666663	-0.02890734
-143.93333330	-0.03169044
-143.89999997	-0.03381564
-143.86666663	-0.03537416
-143.83333330	-0.03648659
-143.79999997	-0.03789832
-143.76666663	-0.03958970
-143.73333330	-0.04214025
-143.69999997	-0.04596852
-143.66666663	-0.05083911
-143.63333330	-0.05685281
-143.59999997	-0.06340849
-143.56666663	-0.06960511
-143.53333330	-0.07473815
-143.49999997	-0.07731638
-143.46666663	-0.07625925
-143.43333330	-0.06981613
-143.39999997	-0.05737984
-143.36666663	-0.03805916
-143.33333330	-0.01143478
-143.29999997	0.02246641
-143.26666663	0.06270260
-143.23333330	0.10778528
-143.19999997	0.15604079
-143.16666663	0.20491098
-143.13333330	0.25190960
-143.09999997	0.29408947
-143.06666663	0.32895775
-143.03333330	0.35454032
-142.99999997	0.36951140
-142.96666663	0.37315009
-142.93333330	0.36547190
-142.89999997	0.34739231
-142.86666663	0.32019819
-142.83333330	0.28513568
-142.79999997	0.24423550
-142.76666663	0.19898161
-142.73333330	0.15196907
-142.69999997	0.10483283
-142.66666663	0.05988247
-142.63333330	0.01865323
-142.59999997	-0.01756655
-142.56666663	-0.04772068
-142.53333330	-0.07156295
-142.49999997	-0.08912226
-142.46666663	-0.10112971
-142.43333330	-0.10802888
-142.39999997	-0.11070069
-142.36666663	-0.11016216
-142.33333330	-0.10758189
-142.29999997	-0.10396417
-142.26666663	-0.09980280
-142.23333330	-0.09615221
-142.19999997	-0.09314589
-142.16666663	-0.09091267
-142.13333330	-0.08917289
-142.09999997	-0.08772864
-142.06666663	-0.08626474
-142.03333330	-0.08435987
-141.99999997	-0.08215364
-141.96666663	-0.07960996
-141.93333330	-0.07684985
-141.89999997	-0.07396082
-141.86666663	-0.07065806
-141.83333330	-0.06676302
-141.79999997	-0.06205362
-141.76666663	-0.05625263
-141.73333330	-0.04943840
-141.69999997	-0.04171414
-141.66666663	-0.03382361
-141.63333330	-0.02620552
-141.59999997	-0.01983628
-141.56666663	-0.01539038
-141.53333330	-0.01342940
-141.49999997	-0.01380000
-141.46666663	-0.01636580
-141.43333330	-0.02068544
-141.39999997	-0.02586776
-141.36666663	-0.03146689
-141.33333330	-0.03668305
-141.29999997	-0.04109555
-141.26666663	-0.04436224
-141.23333330	-0.04615383
-141.19999996	-0.04619861
-141.16666663	-0.04457428
-141.13333330	-0.04148977
-141.09999996	-0.03715692
-141.06666663	-0.03221937
-141.03333330	-0.02695562
-140.99999996	-0.02230671
-140.96666663	-0.01851575
-140.93333330	-0.01592532
-140.89999996	-0.01477622
-140.86666663	-0.01476299
-140.83333330	-0.01592185
-140.79999996	-0.01765151
-140.76666663	-0.01959652
-140.73333330	-0.02121164
-140.69999996	-0.02242313
-140.66666663	-0.02312587
-140.63333330	-0.02332976
-140.59999996	-0.02297572
-140.56666663	-0.02219784
-140.53333330	-0.02089178
-140.49999996	-0.01868099
-140.46666663	-0.01532728
-140.43333330	-0.01085533
-140.39999996	-0.00508537
-140.36666663	0.00172519
-140.33333330	0.00932638
-140.29999996	0.01712954
-140.26666663	0.02469061
-140.23333330	0.03158975
-140.19999996	0.03737744
-140.16666663	0.04176108
-140.13333330	0.04469331
-140.09999996	0.04594562
-140.06666663	0.04566544
-140.03333330	0.04372481
-139.99999996	0.04006218
-139.96666663	0.03480831
-139.93333330	0.02813871
-139.89999996	0.02026243
-139.86666663	0.01145720
-139.83333330	0.00221333
-139.79999996	-0.00680058
-139.76666663	-0.01513391
-139.73333330	-0.02208549
-139.69999996	-0.02733907
-139.66666663	-0.03043812
-139.63333330	-0.03121467
-139.59999996	-0.02951136
-139.56666663	-0.02599391
-139.53333330	-0.02076725
-139.49999996	-0.01456659
-139.46666663	-0.00792290
-139.43333330	-0.00128265
-139.39999996	0.00479190
-139.36666663	0.01005736
-139.33333330	0.01407307
-139.29999996	0.01648234
-139.26666663	0.01702616
-139.23333330	0.01579638
-139.19999996	0.01266103
-139.16666663	0.00782537
-139.13333330	0.00150173
-139.09999996	-0.00567023
-139.06666663	-0.01311599
-139.03333330	-0.02011976
-138.99999996	-0.02600256
-138.96666663	-0.02994735
-138.93333330	-0.03186673
-138.89999996	-0.03167751
-138.86666663	-0.02910801
-138.83333330	-0.02471170
-138.79999996	-0.01878309
-138.76666663	-0.01172649
-138.73333330	-0.00425702
-138.69999996	0.00314198
-138.66666663	0.00995667
-138.63333330	0.01584475
-138.59999996	0.02074410
-138.56666663	0.02459923
-138.53333330	0.02755251
-138.49999996	0.02979506
-138.46666663	0.03167139
-138.43333330	0.03329960
-138.39999996	0.03466590
-138.36666663	0.03598030
-138.33333330	0.03659840
-138.29999996	0.03653614
-138.26666663	0.03503654
-138.23333330	0.03201384
-138.19999996	0.02744166
-138.16666663	0.02138291
-138.13333330	0.01426903
-138.09999996	0.00696698
-138.06666663	-0.00002955
-138.03333330	-0.00605731
-137.99999996	-0.01054330
-137.96666663	-0.01344130
-137.93333330	-0.01460395
-137.89999996	-0.01424866
-137.86666663	-0.01226868
-137.83333330	-0.00909550
-137.79999996	-0.00492789
-137.76666663	0.00000711
-137.73333329	0.00520356
-137.69999996	0.01022604
-137.66666663	0.01418748
-137.63333329	0.01672108
-137.59999996	0.01727051
-137.56666663	0.01523640
-137.53333329	0.01050104
-137.49999996	0.00365935
-137.46666663	-0.00517165
-137.43333329	-0.01518785
-137.39999996	-0.02527952
-137.36666663	-0.03468190
-137.33333329	-0.04227053
-137.29999996	-0.04745286
-137.26666663	-0.04939153
-137.23333329	-0.04864688
-137.19999996	-0.04524803
-137.16666663	-0.03992252
-137.13333329	-0.03347976
-137.09999996	-0.02664918
-137.06666663	-0.02010084
-137.03333329	-0.01423819
-136.99999996	-0.00920701
-136.96666663	-0.00479957
-136.93333329	-0.00101085
-136.89999996	0.00288552
-136.86666663	0.00709550
-136.83333329	0.01210049
-136.79999996	0.01763067
-136.76666663	0.02370905
-136.73333329	0.02989605
-136.69999996	0.03568599
-136.66666663	0.04069312
-136.63333329	0.04424200
-136.59999996	0.04625065
-136.56666663	0.04638129
-136.53333329	0.04460367
-136.49999996	0.04078611
-136.46666663	0.03524748
-136.43333329	0.02781616
-136.39999996	0.01908277
-136.36666663	0.00907067
-136.33333329	-0.00099250
-136.29999996	-0.01078266
-136.26666663	-0.01911219
-136.23333329	-0.02522344
-136.19999996	-0.02853516
-136.16666663	-0.02896725
-136.13333329	-0.02655775
-136.09999996	-0.02174189
-136.06666663	-0.01505388
-136.03333329	-0.00722610
-135.99999996	0.00094858
-135.96666663	0.00871222
-135.93333329	0.01524705
-135.89999996	0.01979831
-135.86666663	0.02186545
-135.83333329	0.02087597
-135.79999996	0.01664228
-135.76666663	0.00930643
-135.73333329	-0.00054285
-135.69999996	-0.01211769
-135.66666663	-0.02446024
-135.63333329	-0.03636974
-135.59999996	-0.04685641
-135.56666663	-0.05505477
-135.53333329	-0.06012485
-135.49999996	-0.06232729
-135.46666663	-0.06158597
-135.43333329	-0.05828338
-135.39999996	-0.05310119
-135.36666663	-0.04648870
-135.33333329	-0.03899882
-135.29999996	-0.03096734
-135.26666663	-0.02249501
-135.23333329	-0.01386053
-135.19999996	-0.00504775
-135.16666663	0.00372872
-135.13333329	0.01240452
-135.09999996	0.02050546
-135.06666663	0.02763964
-135.03333329	0.03320185
-134.99999996	0.03644630
-134.96666663	0.03721568
-134.93333329	0.03538892
-134.89999996	0.03098601
-134.86666663	0.02420555
-134.83333329	0.01582452
-134.79999996	0.00646963
-134.76666663	-0.00317657
-134.73333329	-0.01202396
-134.69999996	-0.01904211
-134.66666663	-0.02375346
-134.63333329	-0.02510079
-134.59999996	-0.02304065
-134.56666663	-0.01710643
-134.53333329	-0.00789472
-134.49999996	0.00407831
-134.46666663	0.01815390
-134.43333329	0.03349020
-134.39999996	0.04903526
-134.36666663	0.06409174
-134.33333329	0.07806218
-134.29999996	0.09012847
-134.26666662	0.10021832
-134.23333329	0.10770295
-134.19999996	0.11235842
-134.16666662	0.11392420
-134.13333329	0.11237521
-134.09999996	0.10762914
-134.06666662	0.09963092
-134.03333329	0.08862846
-133.99999996	0.07497082
-133.96666662	0.05906576
-133.93333329	0.04182643
-133.89999996	0.02391058
-133.86666662	0.00610337
-133.83333329	-0.01084728
-133.79999996	-0.02631982
-133.76666662	-0.03965959
-133.73333329	-0.05024053
-133.69999996	-0.05805938
-133.66666662	-0.06274401
-133.63333329	-0.06443727
-133.59999996	-0.06345126
-133.56666662	-0.06015204
-133.53333329	-0.05533042
-133.49999996	-0.04940292
-133.46666662	-0.04300599
-133.43333329	-0.03664045
-133.39999996	-0.03060990
-133.36666662	-0.02509921
-133.33333329	-0.02030132
-133.29999996	-0.01622437
-133.26666662	-0.01271491
-133.23333329	-0.00983220
-133.19999996	-0.00750080
-133.16666662	-0.00571767
-133.13333329	-0.00417866
-133.09999996	-0.00307917
-133.06666662	-0.00213397
-133.03333329	-0.00122597
-132.99999996	-0.00045911
-132.96666662	0.00036218
-132.93333329	0.00081824
-132.89999996	0.00109307
-132.86666662	0.00080931
-132.83333329	-0.00013892
-132.79999996	-0.00169274
-132.76666662	-0.00379311
-132.73333329	-0.00605238
-132.69999996	-0.00833326
-132.66666662	-0.01018433
-132.63333329	-0.01132493
-132.59999996	-0.01125589
-132.56666662	-0.01016490
-132.53333329	-0.00793134
-132.49999996	-0.00473823
-132.46666662	-0.00082019
-132.43333329	0.00336033
-132.39999996	0.00761112
-132.36666662	0.01128046
-132.33333329	0.01401744
-132.29999996	0.01523631
-132.26666662	0.01490768
-132.23333329	0.01240093
-132.19999996	0.00796832
-132.16666662	0.00172177
-132.13333329	-0.00598536
-132.09999996	-0.01431682
-132.06666662	-0.02279128
-132.03333329	-0.03034421
-131.99999996	-0.03660730
-131.96666662	-0.04094927
-131.93333329	-0.04330942
-131.89999996	-0.04376089
-131.86666662	-0.04220185
-131.83333329	-0.03912046
-131.79999996	-0.03463449
-131.76666662	-0.02942909
-131.73333329	-0.02365132
-131.69999996	-0.01787957
-131.66666662	-0.01213887
-131.63333329	-0.00685090
-131.59999996	-0.00190584
-131.56666662	0.00277362
-131.53333329	0.00726998
-131.49999996	0.01171261
-131.46666662	0.01604978
-131.43333329	0.01987789
-131.39999996	0.02308818
-131.36666662	0.02549663
-131.33333329	0.02680738
-131.29999996	0.02686199
-131.26666662	0.02588903
-131.23333329	0.02404523
-131.19999996	0.02170784
-131.16666662	0.01917118
-131.13333329	0.01653686
-131.09999996	0.01430800
-131.06666662	0.01237096
-131.03333329	0.01081610
-130.99999996	0.00973035
-130.96666662	0.00908414
-130.93333329	0.00893611
-130.89999995	0.00901077
-130.86666662	0.00945246
-130.83333329	0.00989977
-130.79999995	0.01013083
-130.76666662	0.00999470
-130.73333329	0.00900170
-130.69999995	0.00737944
-130.66666662	0.00499851
-130.63333329	0.00191105
-130.59999995	-0.00161769
-130.56666662	-0.00565038
-130.53333329	-0.00958128
-130.49999995	-0.01362984
-130.46666662	-0.01718288
-130.43333329	-0.02010649
-130.39999995	-0.02257277
-130.36666662	-0.02400521
-130.33333329	-0.02450864
-130.29999995	-0.02422146
-130.26666662	-0.02338772
-130.23333329	-0.02187260
-130.19999995	-0.01999961
-130.16666662	-0.01771128
-130.13333329	-0.01518734
-130.09999995	-0.01249765
-130.06666662	-0.00961128
-130.03333329	-0.00663716
-129.99999995	-0.00382455
-129.96666662	-0.00099059
-129.93333329	0.00157074
-129.89999995	0.00410475
-129.86666662	0.00666729
-129.83333329	0.00912836
-129.79999995	0.01159866
-129.76666662	0.01431372
-129.73333329	0.01709101
-129.69999995	0.01997597
-129.66666662	0.02295685
-129.63333329	0.02559865
-129.59999995	0.02798098
-129.56666662	0.02960246
-129.53333329	0.03010832
-129.49999995	0.02925150
-129.46666662	0.02709066
-129.43333329	0.02335460
-129.39999995	0.01860362
-129.36666662	0.01325243
-129.33333329	0.00780431
-129.29999995	0.00268179
-129.26666662	-0.00132569
-129.23333329	-0.00416012
-129.19999995	-0.00557834
-129.16666662	-0.00603401
-129.13333329	-0.00530893
-129.09999995	-0.00370124
-129.06666662	-0.00144863
-129.03333329	0.00089768
-128.99999995	0.00374198
-128.96666662	0.00623511
-128.93333329	0.00852017
-128.89999995	0.01004139
-128.86666662	0.01077042
-128.83333329	0.01017170
-128.79999995	0.00831399
-128.76666662	0.00501061
-128.73333329	0.00049297
-128.69999995	-0.00498692
-128.66666662	-0.01102859
-128.63333329	-0.01682396
-128.59999995	-0.02234170
-128.56666662	-0.02669936
-128.53333329	-0.02957471
-128.49999995	-0.03089639
-128.46666662	-0.03030258
-128.43333329	-0.02824106
-128.39999995	-0.02494846
-128.36666662	-0.02075308
-128.33333329	-0.01599868
-128.29999995	-0.01126531
-128.26666662	-0.00681624
-128.23333329	-0.00306510
-128.19999995	0.00013771
-128.16666662	0.00254701
-128.13333329	0.00425814
-128.09999995	0.00541979
-128.06666662	0.00602034
-128.03333329	0.00654302
-127.99999995	0.00691443
-127.96666662	0.00725822
-127.93333329	0.00767461
-127.89999995	0.00803855
-127.86666662	0.00848668
-127.83333329	0.00883479
-127.79999995	0.00916165
-127.76666662	0.00927820
-127.73333329	0.00918044
-127.69999995	0.00883018
-127.66666662	0.00799758
-127.63333329	0.00711422
-127.59999995	0.00607264
-127.56666662	0.00510220
-127.53333329	0.00425493
-127.49999995	0.00405775
-127.46666662	0.00423299
-127.43333328	0.00498065
-127.39999995	0.00647614
-127.36666662	0.00862072
-127.33333328	0.01121195
-127.29999995	0.01400402
-127.26666662	0.01700039
-127.23333328	0.01981760
-127.19999995	0.02203977
-127.16666662	0.02320234
-127.13333328	0.02311082
-127.09999995	0.02129037
-127.06666662	0.01748423
-127.03333328	0.01175907
-126.99999995	0.00446085
-126.96666662	-0.00403974
-126.93333328	-0.01319723
-126.89999995	-0.02171153
-126.86666662	-0.02931364
-126.83333328	-0.03512083
-126.79999995	-0.03844112
-126.76666662	-0.03923447
-126.73333328	-0.03742155
-126.69999995	-0.03342172
-126.66666662	-0.02788515
-126.63333328	-0.02183547
-126.59999995	-0.01581542
-126.56666662	-0.01073763
-126.53333328	-0.00705188
-126.49999995	-0.00518018
-126.46666662	-0.00485811
-126.43333328	-0.00597884
-126.39999995	-0.00790452
-126.36666662	-0.01028229
-126.33333328	-0.01216063
-126.29999995	-0.01332016
-126.26666662	-0.01321543
-126.23333328	-0.01202176
-126.19999995	-0.00960782
-126.16666662	-0.00620436
-126.13333328	-0.00232995
-126.09999995	0.00166602
-126.06666662	0.00533120
-126.03333328	0.00832634
-125.99999995	0.01035754
-125.96666662	0.01172613
-125.93333328	0.01269555
-125.89999995	0.01328903
-125.86666662	0.01411069
-125.83333328	0.01528332
-125.79999995	0.01731714
-125.76666662	0.02000797
-125.73333328	0.02320468
-125.69999995	0.02681257
-125.66666662	0.03035817
-125.63333328	0.03341989
-125.59999995	0.03596021
-125.56666662	0.03772460
-125.53333328	0.03852151
-125.49999995	0.03839786
-125.46666662	0.03756776
-125.43333328	0.03569167
-125.39999995	0.03316244
-125.36666662	0.02954353
-125.33333328	0.02494315
-125.29999995	0.01943330
-125.26666662	0.01303349
-125.23333328	0.00593907
-125.19999995	-0.00155728
-125.16666662	-0.00936660
-125.13333328	-0.01686300
-125.09999995	-0.02362146
-125.06666662	-0.02930556
-125.03333328	-0.03358214
-124.99999995	-0.03610130
-124.96666662	-0.03683863
-124.93333328	-0.03592435
-124.89999995	-0.03350652
-124.86666662	-0.02982193
-124.83333328	-0.02556415
-124.79999995	-0.02074451
-124.76666662	-0.01623995
-124.73333328	-0.01230657
-124.69999995	-0.00896955
-124.66666662	-0.00685674
-124.63333328	-0.00575189
-124.59999995	-0.00566396
-124.56666662	-0.00630097
-124.53333328	-0.00766340
-124.49999995	-0.00921326
-124.46666662	-0.01072631
-124.43333328	-0.01190832
-124.39999995	-0.01247791
-124.36666662	-0.01242748
-124.33333328	-0.01163145
-124.29999995	-0.01027956
-124.26666662	-0.00845616
-124.23333328	-0.00663001
-124.19999995	-0.00442657
-124.16666662	-0.00225075
-124.13333328	-0.00003049
-124.09999995	0.00222234
-124.06666662	0.00452482
-124.03333328	0.00683953
-123.99999995	0.00919281
-123.96666661	0.01138154
-123.93333328	0.01351139
-123.89999995	0.01518116
-123.86666661	0.01659153
-123.83333328	0.01718940
-123.79999995	0.01690128
-123.76666661	0.01595404
-123.73333328	0.01374113
-123.69999995	0.01065212
-123.66666661	0.00695793
-123.63333328	0.00251243
-123.59999995	-0.00218524
-123.56666661	-0.00654344
-123.53333328	-0.01053403
-123.49999995	-0.01385313
-123.46666661	-0.01654657
-123.43333328	-0.01821250
-123.39999995	-0.01935456
-123.36666661	-0.01970467
-123.33333328	-0.01964754
-123.29999995	-0.01890862
-123.26666661	-0.01753799
-123.23333328	-0.01563509
-123.19999995	-0.01329185
-123.16666661	-0.01062581
-123.13333328	-0.00769599
-123.09999995	-0.00475111
-123.06666661	-0.00225725
-123.03333328	-0.00003130
-122.99999995	0.00150917
-122.96666661	0.00243588
-122.93333328	0.00244728
-122.89999995	0.00171723
-122.86666661	0.00020684
-122.83333328	-0.00186002
-122.79999995	-0.00416369
-122.76666661	-0.00638119
-122.73333328	-0.00835160
-122.69999995	-0.00969417
-122.66666661	-0.01030169
-122.63333328	-0.01040044
-122.59999995	-0.00962688
-122.56666661	-0.00848363
-122.53333328	-0.00679845
-122.49999995	-0.00459759
-122.46666661	-0.00221174
-122.43333328	0.00027605
-122.39999995	0.00288876
-122.36666661	0.00563398
-122.33333328	0.00852101
-122.29999995	0.01133430
-122.26666661	0.01423735
-122.23333328	0.01679021
-122.19999995	0.01935710
-122.16666661	0.02176111
-122.13333328	0.02384064
-122.09999995	0.02542131
-122.06666661	0.02627552
-122.03333328	0.02631737
-121.99999995	0.02539479
-121.96666661	0.02357623
-121.93333328	0.02100414
-121.89999995	0.01788330
-121.86666661	0.01475125
-121.83333328	0.01149497
-121.79999995	0.00864238
-121.76666661	0.00640220
-121.73333328	0.00427914
-121.69999995	0.00255390
-121.66666661	0.00110884
-121.63333328	-0.00042606
-121.59999995	-0.00203385
-121.56666661	-0.00379779
-121.53333328	-0.00566726
-121.49999995	-0.00770634
-121.46666661	-0.00986700
-121.43333328	-0.01167558
-121.39999995	-0.01319643
-121.36666661	-0.01402645
-121.33333328	-0.01415537
-121.29999995	-0.01348739
-121.26666661	-0.01220624
-121.23333328	-0.01044365
-121.19999995	-0.00847719
-121.16666661	-0.00651871
-121.13333328	-0.00447152
-121.09999995	-0.00275144
-121.06666661	-0.00137194
-121.03333328	-0.00005005
-120.99999995	0.00103399
-120.96666661	0.00198698
-120.93333328	0.00304827
-120.89999995	0.00391346
-120.86666661	0.00495540
-120.83333328	0.00592771
-120.79999995	0.00699497
-120.76666661	0.00782401
-120.73333328	0.00869141
-120.69999995	0.00938632
-120.66666661	0.00990864
-120.63333328	0.01032874
-120.59999994	0.01060736
-120.56666661	0.01099335
-120.53333328	0.01134711
-120.49999994	0.01190243
-120.46666661	0.01241430
-120.43333328	0.01319647
-120.39999994	0.01380428
-120.36666661	0.01441617
-120.33333328	0.01469393
-120.29999994	0.01448373
-120.26666661	0.01383458
-120.23333328	0.01267226
-120.19999994	0.01096517
-120.16666661	0.00870140
-120.13333328	0.00605363
-120.09999994	0.00302021
-120.06666661	-0.00032589
-120.03333328	-0.00389278
-119.99999994	-0.00722575
-119.96666661	-0.01075300
-119.93333328	-0.01386008
-119.89999994	-0.01664965
-119.86666661	-0.01913881
-119.83333328	-0.02127482
-119.79999994	-0.02295800
-119.76666661	-0.02432893
-119.73333328	-0.02509295
-119.69999994	-0.02566443
-119.66666661	-0.02573935
-119.63333328	-0.02530266
-119.59999994	-0.02440336
-119.56666661	-0.02314234
-119.53333328	-0.02156418
-119.49999994	-0.01955039
-119.46666661	-0.01760698
-119.43333328	-0.01573862
-119.39999994	-0.01405329
-119.36666661	-0.01275846
-119.33333328	-0.01179847
-119.29999994	-0.01142576
-119.26666661	-0.01109991
-119.23333328	-0.01102802
-119.19999994	-0.01093682
-119.16666661	-0.01051889
-119.13333328	-0.00979473
-119.09999994	-0.00852426
-119.06666661	-0.00670729
-119.03333328	-0.00409115
-118.99999994	-0.00096832
-118.96666661	0.00242579
-118.93333328	0.00594806
-118.89999994	0.00908294
-118.86666661	0.01159261
-118.83333328	0.01310760
-118.79999994	0.01341098
-118.76666661	0.01248483
-118.73333328	0.01034279
-118.69999994	0.00754357
-118.66666661	0.00430575
-118.63333328	0.00132034
-118.59999994	-0.00130283
-118.56666661	-0.00263491
-118.53333328	-0.00277286
-118.49999994	-0.00155408
-118.46666661	0.00076763
-118.43333328	0.00401617
-118.39999994	0.00750707
-118.36666661	0.01057572
-118.33333328	0.01282292
-118.29999994	0.01389589
-118.26666661	0.01340204
-118.23333328	0.01156841
-118.19999994	0.00844629
-118.16666661	0.00435806
-118.13333328	-0.00026392
-118.09999994	-0.00492732
-118.06666661	-0.00920811
-118.03333328	-0.01287267
-117.99999994	-0.01555619
-117.96666661	-0.01709057
-117.93333328	-0.01767286
-117.89999994	-0.01721063
-117.86666661	-0.01632397
-117.83333328	-0.01501629
-117.79999994	-0.01370107
-117.76666661	-0.01262901
-117.73333328	-0.01168477
-117.69999994	-0.01116886
-117.66666661	-0.01070903
-117.63333328	-0.01069249
-117.59999994	-0.01037906
-117.56666661	-0.01006313
-117.53333328	-0.00954782
-117.49999994	-0.00896934
-117.46666661	-0.00833115
-117.43333328	-0.00778630
-117.39999994	-0.00733062
-117.36666661	-0.00724844
-117.33333328	-0.00715448
-117.29999994	-0.00718826
-117.26666661	-0.00728567
-117.23333328	-0.00728079
-117.19999994	-0.00689520
-117.16666661	-0.00632046
-117.13333327	-0.00538744
-117.09999994	-0.00393651
-117.06666661	-0.00202687
-117.03333327	0.00031317
-116.99999994	0.00297150
-116.96666661	0.00601702
-116.93333327	0.00930421
-116.89999994	0.01238630
-116.86666661	0.01553793
-116.83333327	0.01852503
-116.79999994	0.02117295
-116.76666661	0.02357175
-116.73333327	0.02562684
-116.69999994	0.02727810
-116.66666661	0.02850220
-116.63333327	0.02931430
-116.59999994	0.02940299
-116.56666661	0.02865098
-116.53333327	0.02684813
-116.49999994	0.02411751
-116.46666661	0.02029157
-116.43333327	0.01549424
-116.39999994	0.00996051
-116.36666661	0.00401806
-116.33333327	-0.00204531
-116.29999994	-0.00765683
-116.26666661	-0.01261715
-116.23333327	-0.01670731
-116.19999994	-0.01981948
-116.16666661	-0.02168977
-116.13333327	-0.02241033
-116.09999994	-0.02206759
-116.06666661	-0.02064417
-116.03333327	-0.01851755
-115.99999994	-0.01586584
-115.96666661	-0.01304574
-115.93333327	-0.01008568
-115.89999994	-0.00753187
-115.86666661	-0.00528098
-115.83333327	-0.00367100
-115.79999994	-0.00294673
-115.76666661	-0.00277332
-115.73333327	-0.00339015
-115.69999994	-0.00467551
-115.66666661	-0.00617445
-115.63333327	-0.00773324
-115.59999994	-0.00894224
-115.56666661	-0.00957365
-115.53333327	-0.00956159
-115.49999994	-0.00881410
-115.46666661	-0.00721467
-115.43333327	-0.00497067
-115.39999994	-0.00231524
-115.36666661	0.00077738
-115.33333327	0.00379473
-115.29999994	0.00688753
-115.26666661	0.00952058
-115.23333327	0.01152829
-115.19999994	0.01297007
-115.16666661	0.01360744
-115.13333327	0.01379283
-115.09999994	0.01341517
-115.06666661	0.01261352
-115.03333327	0.01150535
-114.99999994	0.01041923
-114.96666661	0.00926167
-114.93333327	0.00816047
-114.89999994	0.00725664
-114.86666661	0.00631613
-114.83333327	0.00562043
-114.79999994	0.00488483
-114.76666661	0.00388430
-114.73333327	0.00264592
-114.69999994	0.00097732
-114.66666661	-0.00125869
-114.63333327	-0.00419859
-114.59999994	-0.00762906
-114.56666661	-0.01157374
-114.53333327	-0.01597667
-114.49999994	-0.02036251
-114.46666661	-0.02452583
-114.43333327	-0.02833140
-114.39999994	-0.03147884
-114.36666661	-0.03376299
-114.33333327	-0.03497671
-114.29999994	-0.03496868
-114.26666661	-0.03401865
-114.23333327	-0.03201627
-114.19999994	-0.02943874
-114.16666661	-0.02639543
-114.13333327	-0.02336778
-114.09999994	-0.02049212
-114.06666661	-0.01808349
-114.03333327	-0.01625843
-113.99999994	-0.01486202
-113.96666661	-0.01404602
-113.93333327	-0.01364770
-113.89999994	-0.01368208
-113.86666661	-0.01407358
-113.83333327	-0.01463871
-113.79999994	-0.01533027
-113.76666661	-0.01616058
-113.73333327	-0.01696803
-113.69999994	-0.01746795
-113.66666660	-0.01760148
-113.63333327	-0.01732595
-113.59999994	-0.01661927
-113.56666660	-0.01531417
-113.53333327	-0.01377976
-113.49999994	-0.01198448
-113.46666660	-0.01003017
-113.43333327	-0.00819215
-113.39999994	-0.00638674
-113.36666660	-0.00476060
-113.33333327	-0.00330368
-113.29999994	-0.00195658
-113.26666660	-0.00080710
-113.23333327	0.00032638
-113.19999994	0.00140850
-113.16666660	0.00233715
-113.13333327	0.00322555
-113.09999994	0.00435358
-113.06666660	0.00551440
-113.03333327	0.00701230
-112.99999994	0.00854576
-112.96666660	0.01025117
-112.93333327	0.01202361
-112.89999994	0.01365485
-112.86666660	0.01517795
-112.83333327	0.01641207
-112.79999994	0.01741709
-112.76666660	0.01817193
-112.73333327	0.01862100
-112.69999994	0.01904198
-112.66666660	0.01940048
-112.63333327	0.01948238
-112.59999994	0.01964728
-112.56666660	0.01992818
-112.53333327	0.02019784
-112.49999994	0.02027763
-112.46666660	0.02060885
-112.43333327	0.02049832
-112.39999994	0.02032572
-112.36666660	0.01997651
-112.33333327	0.01931355
-112.29999994	0.01873520
-112.26666660	0.01838374
-112.23333327	0.01831405
-112.19999994	0.01843540
-112.16666660	0.01897665
-112.13333327	0.01996440
-112.09999994	0.02111136
-112.06666660	0.02248396
-112.03333327	0.02376722
-111.99999994	0.02479837
-111.96666660	0.02563240
-111.93333327	0.02615574
-111.89999994	0.02665216
-111.86666660	0.02672348
-111.83333327	0.02698875
-111.79999994	0.02710382
-111.76666660	0.02753119
-111.73333327	0.02814995
-111.69999994	0.02892652
-111.66666660	0.02978347
-111.63333327	0.03043760
-111.59999994	0.03061135
-111.56666660	0.03029861
-111.53333327	0.02934325
-111.49999994	0.02755484
-111.46666660	0.02511816
-111.43333327	0.02236027
-111.39999994	0.01945034
-111.36666660	0.01663697
-111.33333327	0.01429345
-111.29999994	0.01250648
-111.26666660	0.01155525
-111.23333327	0.01135055
-111.19999994	0.01185470
-111.16666660	0.01287028
-111.13333327	0.01416650
-111.09999994	0.01513756
-111.06666660	0.01578829
-111.03333327	0.01564282
-110.99999994	0.01459269
-110.96666660	0.01272913
-110.93333327	0.00979210
-110.89999994	0.00612122
-110.86666660	0.00197966
-110.83333327	-0.00259449
-110.79999994	-0.00730564
-110.76666660	-0.01208188
-110.73333327	-0.01650718
-110.69999994	-0.02062193
-110.66666660	-0.02434342
-110.63333327	-0.02722271
-110.59999994	-0.02934787
-110.56666660	-0.03068804
-110.53333327	-0.03135775
-110.49999994	-0.03131583
-110.46666660	-0.03065087
-110.43333327	-0.02982138
-110.39999994	-0.02869734
-110.36666660	-0.02726383
-110.33333327	-0.02573946
-110.29999993	-0.02396863
-110.26666660	-0.02221946
-110.23333327	-0.02035627
-110.19999993	-0.01834910
-110.16666660	-0.01639118
-110.13333327	-0.01441091
-110.09999993	-0.01259108
-110.06666660	-0.01118755
-110.03333327	-0.01004182
-109.99999993	-0.00922996
-109.96666660	-0.00899523
-109.93333327	-0.00915671
-109.89999993	-0.00981964
-109.86666660	-0.01070198
-109.83333327	-0.01183422
-109.79999993	-0.01318485
-109.76666660	-0.01472522
-109.73333327	-0.01615153
-109.69999993	-0.01732917
-109.66666660	-0.01824219
-109.63333327	-0.01881714
-109.59999993	-0.01927083
-109.56666660	-0.01928212
-109.53333327	-0.01908162
-109.49999993	-0.01898068
-109.46666660	-0.01862426
-109.43333327	-0.01832932
-109.39999993	-0.01826623
-109.36666660	-0.01860745
-109.33333327	-0.01904570
-109.29999993	-0.01979451
-109.26666660	-0.02078913
-109.23333327	-0.02188757
-109.19999993	-0.02298793
-109.16666660	-0.02398363
-109.13333327	-0.02489996
-109.09999993	-0.02589127
-109.06666660	-0.02688123
-109.03333327	-0.02780270
-108.99999993	-0.02876529
-108.96666660	-0.02973370
-108.93333327	-0.03065779
-108.89999993	-0.03141351
-108.86666660	-0.03210345
-108.83333327	-0.03245497
-108.79999993	-0.03249722
-108.76666660	-0.03211157
-108.73333327	-0.03113040
-108.69999993	-0.02949232
-108.66666660	-0.02728110
-108.63333327	-0.02450247
-108.59999993	-0.02133097
-108.56666660	-0.01779361
-108.53333327	-0.01430814
-108.49999993	-0.01089256
-108.46666660	-0.00774575
-108.43333327	-0.00512207
-108.39999993	-0.00295121
-108.36666660	-0.00121969
-108.33333327	-0.00013961
-108.29999993	0.00049505
-108.26666660	0.00065722
-108.23333327	0.00032551
-108.19999993	-0.00041484
-108.16666660	-0.00176032
-108.13333327	-0.00332694
-108.09999993	-0.00479379
-108.06666660	-0.00634601
-108.03333327	-0.00765033
-107.99999993	-0.00846802
-107.96666660	-0.00874044
-107.93333327	-0.00822188
-107.89999993	-0.00690118
-107.86666660	-0.00504368
-107.83333327	-0.00261334
-107.79999993	0.00004298
-107.76666660	0.00289046
-107.73333327	0.00554575
-107.69999993	0.00791330
-107.66666660	0.00970692
-107.63333327	0.01071522
-107.59999993	0.01089979
-107.56666660	0.01033724
-107.53333327	0.00899896
-107.49999993	0.00680799
-107.46666660	0.00414104
-107.43333327	0.00118565
-107.39999993	-0.00192099
-107.36666660	-0.00532281
-107.33333327	-0.00864508
-107.29999993	-0.01189630
-107.26666660	-0.01479371
-107.23333327	-0.01721667
-107.19999993	-0.01916166
-107.16666660	-0.02076869
-107.13333327	-0.02172566
-107.09999993	-0.02230525
-107.06666660	-0.02217610
-107.03333327	-0.02154009
-106.99999993	-0.02049975
-106.96666660	-0.01913757
-106.93333327	-0.01749040
-106.89999993	-0.01568404
-106.86666660	-0.01369599
-106.83333326	-0.01175809
-106.79999993	-0.00981432
-106.76666660	-0.00778332
-106.73333326	-0.00601629
-106.69999993	-0.00420630
-106.66666660	-0.00285506
-106.63333326	-0.00172498
-106.59999993	-0.00107834
-106.56666660	-0.00078692
-106.53333326	-0.00105528
-106.49999993	-0.00160360
-106.46666660	-0.00231692
-106.43333326	-0.00330888
-106.39999993	-0.00427326
-106.36666660	-0.00501330
-106.33333326	-0.00568986
-106.29999993	-0.00613776
-106.26666660	-0.00611810
-106.23333326	-0.00542395
-106.19999993	-0.00417453
-106.16666660	-0.00224571
-106.13333326	0.00021663
-106.09999993	0.00323461
-106.06666660	0.00647415
-106.03333326	0.00963760
-105.99999993	0.01232869
-105.96666660	0.01449288
-105.93333326	0.01585490
-105.89999993	0.01656330
-105.86666660	0.01631923
-105.83333326	0.01538714
-105.79999993	0.01366967
-105.76666660	0.01133866
-105.73333326	0.00860045
-105.69999993	0.00547725
-105.66666660	0.00218801
-105.63333326	-0.00128192
-105.59999993	-0.00450524
-105.56666660	-0.00759113
-105.53333326	-0.01046873
-105.49999993	-0.01264502
-105.46666660	-0.01432453
-105.43333326	-0.01559610
-105.39999993	-0.01626974
-105.36666660	-0.01647973
-105.33333326	-0.01656990
-105.29999993	-0.01637775
-105.26666660	-0.01603022
-105.23333326	-0.01567389
-105.19999993	-0.01509702
-105.16666660	-0.01455305
-105.13333326	-0.01401147
-105.09999993	-0.01331113
-105.06666660	-0.01264134
-105.03333326	-0.01184265
-104.99999993	-0.01102567
-104.96666660	-0.01006560
-104.93333326	-0.00882517
-104.89999993	-0.00742486
-104.86666660	-0.00579549
-104.83333326	-0.00397567
-104.79999993	-0.00213802
-104.76666660	-0.00045939
-104.73333326	0.00101127
-104.69999993	0.00227015
-104.66666660	0.00306544
-104.63333326	0.00353860
-104.59999993	0.00373688
-104.56666660	0.00370123
-104.53333326	0.00361755
-104.49999993	0.00364120
-104.46666660	0.00364897
-104.43333326	0.00388536
-104.39999993	0.00420670
-104.36666660	0.00476944
-104.33333326	0.00545106
-104.29999993	0.00617387
-104.26666660	0.00702984
-104.23333326	0.00797121
-104.19999993	0.00892462
-104.16666660	0.00983799
-104.13333326	0.01072794
-104.09999993	0.01127610
-104.06666660	0.01163563
-104.03333326	0.01177347
-103.99999993	0.01165475
-103.96666660	0.01124248
-103.93333326	0.01074592
-103.89999993	0.00998896
-103.86666660	0.00904014
-103.83333326	0.00808801
-103.79999993	0.00715277
-103.76666660	0.00636512
-103.73333326	0.00581726
-103.69999993	0.00560561
-103.66666660	0.00551181
-103.63333326	0.00583565
-103.59999993	0.00625676
-103.56666660	0.00695889
-103.53333326	0.00775161
-103.49999993	0.00849245
-103.46666660	0.00917665
-103.43333326	0.00985760
-103.39999993	0.01045889
-103.36666659	0.01085715
-103.33333326	0.01102587
-103.29999993	0.01093472
-103.26666659	0.01084032
-103.23333326	0.01073502
-103.19999993	0.01067219
-103.16666659	0.01053758
-103.13333326	0.01083356
-103.09999993	0.01120630
-103.06666659	0.01168222
-103.03333326	0.01220790
-102.99999993	0.01293854
-102.96666659	0.01374743
-102.93333326	0.01460471
-102.89999993	0.01559088
-102.86666659	0.01664904
-102.83333326	0.01758843
-102.79999993	0.01852184
-102.76666659	0.01912885
-102.73333326	0.01938954
-102.69999993	0.01913596
-102.66666659	0.01843910
-102.63333326	0.01736021
-102.59999993	0.01581972
-102.56666659	0.01400911
-102.53333326	0.01197514
-102.49999993	0.00993349
-102.46666659	0.00799831
-102.43333326	0.00634920
-102.39999993	0.00486616
-102.36666659	0.00369316
-102.33333326	0.00273804
-102.29999993	0.00194630
-102.26666659	0.00140654
-102.23333326	0.00085892
-102.19999993	0.00049612
-102.16666659	0.00015500
-102.13333326	-0.00008763
-102.09999993	-0.00029212
-102.06666659	-0.00054221
-102.03333326	-0.00083429
-101.99999993	-0.00102728
-101.96666659	-0.00147831
-101.93333326	-0.00188846
-101.89999993	-0.00234473
-101.86666659	-0.00261737
-101.83333326	-0.00298843
-101.79999993	-0.00309737
-101.76666659	-0.00336120
-101.73333326	-0.00349977
-101.69999993	-0.00391175
-101.66666659	-0.00446197
-101.63333326	-0.00522565
-101.59999993	-0.00632119
-101.56666659	-0.00734226
-101.53333326	-0.00840771
-101.49999993	-0.00924776
-101.46666659	-0.00988219
-101.43333326	-0.00997140
-101.39999993	-0.00972964
-101.36666659	-0.00897274
-101.33333326	-0.00779431
-101.29999993	-0.00633185
-101.26666659	-0.00455737
-101.23333326	-0.00274560
-101.19999993	-0.00099978
-101.16666659	0.00073143
-101.13333326	0.00225532
-101.09999993	0.00331026
-101.06666659	0.00407987
-101.03333326	0.00431984
-100.99999993	0.00418300
-100.96666659	0.00352723
-100.93333326	0.00259939
-100.89999993	0.00136285
-100.86666659	-0.00000733
-100.83333326	-0.00151697
-100.79999993	-0.00279523
-100.76666659	-0.00401405
-100.73333326	-0.00488169
-100.69999993	-0.00546940
-100.66666659	-0.00592992
-100.63333326	-0.00619999
-100.59999993	-0.00619230
-100.56666659	-0.00608800
-100.53333326	-0.00598873
-100.49999993	-0.00570070
-100.46666659	-0.00549856
-100.43333326	-0.00499624
-100.39999993	-0.00444264
-100.36666659	-0.00389504
-100.33333326	-0.00328437
-100.29999993	-0.00274293
-100.26666659	-0.00220834
-100.23333326	-0.00199113
-100.19999993	-0.00215410
-100.16666659	-0.00259348
-100.13333326	-0.00360053
-100.09999993	-0.00499597
-100.06666659	-0.00690859
-100.03333326	-0.00892823
-99.99999992	-0.01125204
-99.96666659	-0.01367741
-99.93333326	-0.01581409
-99.89999992	-0.01756580
-99.86666659	-0.01871193
-99.83333326	-0.01912780
-99.79999992	-0.01893727
-99.76666659	-0.01803366
-99.73333326	-0.01649320
-99.69999992	-0.01455197
-99.66666659	-0.01230284
-99.63333326	-0.00986449
-99.59999992	-0.00742002
-99.56666659	-0.00494860
-99.53333326	-0.00261864
-99.49999992	-0.00039302
-99.46666659	0.00145987
-99.43333326	0.00321592
-99.39999992	0.00444868
-99.36666659	0.00545034
-99.33333326	0.00620187
-99.29999992	0.00649601
-99.26666659	0.00639955
-99.23333326	0.00609790
-99.19999992	0.00565260
-99.16666659	0.00487409
-99.13333326	0.00394028
-99.09999992	0.00287977
-99.06666659	0.00171565
-99.03333326	0.00047154
-98.99999992	-0.00079894
-98.96666659	-0.00215221
-98.93333326	-0.00329405
-98.89999992	-0.00448378
-98.86666659	-0.00537746
-98.83333326	-0.00617573
-98.79999992	-0.00684028
-98.76666659	-0.00719534
-98.73333326	-0.00724632
-98.69999992	-0.00701370
-98.66666659	-0.00644838
-98.63333326	-0.00566530
-98.59999992	-0.00467448
-98.56666659	-0.00352452
-98.53333326	-0.00244273
-98.49999992	-0.00138123
-98.46666659	-0.00036300
-98.43333326	0.00035089
-98.39999992	0.00072201
-98.36666659	0.00055614
-98.33333326	-0.00009213
-98.29999992	-0.00119610
-98.26666659	-0.00286127
-98.23333326	-0.00490406
-98.19999992	-0.00730136
-98.16666659	-0.00968904
-98.13333326	-0.01209658
-98.09999992	-0.01421216
-98.06666659	-0.01578178
-98.03333326	-0.01682123
-97.99999992	-0.01720478
-97.96666659	-0.01695677
-97.93333326	-0.01574737
-97.89999992	-0.01421715
-97.86666659	-0.01192214
-97.83333326	-0.00929133
-97.79999992	-0.00640516
-97.76666659	-0.00354781
-97.73333326	-0.00087472
-97.69999992	0.00142307
-97.66666659	0.00325949
-97.63333326	0.00421377
-97.59999992	0.00446224
-97.56666659	0.00415323
-97.53333326	0.00319084
-97.49999992	0.00188465
-97.46666659	0.00049096
-97.43333326	-0.00105947
-97.39999992	-0.00243367
-97.36666659	-0.00338692
-97.33333326	-0.00411887
-97.29999992	-0.00433154
-97.26666659	-0.00414133
-97.23333326	-0.00367347
-97.19999992	-0.00284184
-97.16666659	-0.00187026
-97.13333326	-0.00085604
-97.09999992	-0.00014151
-97.06666659	0.00060296
-97.03333326	0.00098983
-96.99999992	0.00108644
-96.96666659	0.00114759
-96.93333326	0.00111659
-96.89999992	0.00113061
-96.86666659	0.00133459
-96.83333326	0.00165839
-96.79999992	0.00208497
-96.76666659	0.00254692
-96.73333326	0.00275071
-96.69999992	0.00279115
-96.66666659	0.00265357
-96.63333326	0.00208617
-96.59999992	0.00116268
-96.56666659	-0.00015737
-96.53333325	-0.00159970
-96.49999992	-0.00331125
-96.46666659	-0.00494012
-96.43333325	-0.00671260
-96.39999992	-0.00848014
-96.36666659	-0.01019708
-96.33333325	-0.01176888
-96.29999992	-0.01315121
-96.26666659	-0.01439408
-96.23333325	-0.01528603
-96.19999992	-0.01584736
-96.16666659	-0.01581077
-96.13333325	-0.01542029
-96.09999992	-0.01463765
-96.06666659	-0.01342826
-96.03333325	-0.01208065
-95.99999992	-0.01062313
-95.96666659	-0.00916343
-95.93333325	-0.00788906
-95.89999992	-0.00674950
-95.86666659	-0.00578996
-95.83333325	-0.00505652
-95.79999992	-0.00444828
-95.76666659	-0.00386474
-95.73333325	-0.00312536
-95.69999992	-0.00218800
-95.66666659	-0.00114334
-95.63333325	0.00016544
-95.59999992	0.00178312
-95.56666659	0.00364663
-95.53333325	0.00564670
-95.49999992	0.00747812
-95.46666659	0.00917743
-95.43333325	0.01047745
-95.39999992	0.01130546
-95.36666659	0.01159340
-95.33333325	0.01137488
-95.29999992	0.01070068
-95.26666659	0.00965560
-95.23333325	0.00847070
-95.19999992	0.00715331
-95.16666659	0.00593533
-95.13333325	0.00492505
-95.09999992	0.00411512
-95.06666659	0.00370333
-95.03333325	0.00362220
-94.99999992	0.00399008
-94.96666659	0.00469514
-94.93333325	0.00561309
-94.89999992	0.00659772
-94.86666659	0.00739631
-94.83333325	0.00791061
-94.79999992	0.00813569
-94.76666659	0.00800472
-94.73333325	0.00740520
-94.69999992	0.00651387
-94.66666659	0.00534523
-94.63333325	0.00399837
-94.59999992	0.00259720
-94.56666659	0.00126820
-94.53333325	0.00012056
-94.49999992	-0.00084935
-94.46666659	-0.00152216
-94.43333325	-0.00186759
-94.39999992	-0.00177293
-94.36666659	-0.00144213
-94.33333325	-0.00086949
-94.29999992	-0.00009703
-94.26666659	0.00082008
-94.23333325	0.00174857
-94.19999992	0.00271836
-94.16666659	0.00365370
-94.13333325	0.00457316
-94.09999992	0.00541929
-94.06666659	0.00625810
-94.03333325	0.00703486
-93.99999992	0.00772642
-93.96666659	0.00846893
-93.93333325	0.00906886
-93.89999992	0.00971278
-93.86666659	0.01027776
-93.83333325	0.01077035
-93.79999992	0.01106300
-93.76666659	0.01109309
-93.73333325	0.01064325
-93.69999992	0.01011445
-93.66666659	0.00913815
-93.63333325	0.00799060
-93.59999992	0.00655061
-93.56666659	0.00540894
-93.53333325	0.00431232
-93.49999992	0.00343584
-93.46666659	0.00283432
-93.43333325	0.00243852
-93.39999992	0.00220790
-93.36666659	0.00217531
-93.33333325	0.00208166
-93.29999992	0.00190911
-93.26666659	0.00161921
-93.23333325	0.00116166
-93.19999992	0.00069685
-93.16666659	0.00003775
-93.13333325	-0.00082701
-93.09999992	-0.00145785
-93.06666658	-0.00191375
-93.03333325	-0.00226737
-92.99999992	-0.00254710
-92.96666658	-0.00274437
-92.93333325	-0.00278475
-92.89999992	-0.00280875
-92.86666658	-0.00281207
-92.83333325	-0.00297648
-92.79999992	-0.00315257
-92.76666658	-0.00343900
-92.73333325	-0.00369155
-92.69999992	-0.00402040
-92.66666658	-0.00437388
-92.63333325	-0.00480722
-92.59999992	-0.00512721
-92.56666658	-0.00553988
-92.53333325	-0.00573786
-92.49999992	-0.00587800
-92.46666658	-0.00563445
-92.43333325	-0.00531376
-92.39999992	-0.00483654
-92.36666658	-0.00401641
-92.33333325	-0.00323961
-92.29999992	-0.00240694
-92.26666658	-0.00173472
-92.23333325	-0.00099605
-92.19999992	-0.00072534
-92.16666658	-0.00053515
-92.13333325	-0.00049153
-92.09999992	-0.00062430
-92.06666658	-0.00097484
-92.03333325	-0.00134363
-91.99999992	-0.00179423
-91.96666658	-0.00224134
-91.93333325	-0.00273074
-91.89999992	-0.00321634
-91.86666658	-0.00369876
-91.83333325	-0.00400748
-91.79999992	-0.00430401
-91.76666658	-0.00440946
-91.73333325	-0.00436820
-91.69999992	-0.00391146
-91.66666658	-0.00332809
-91.63333325	-0.00231904
-91.59999992	-0.00111977
-91.56666658	0.00019714
-91.53333325	0.00183296
-91.49999992	0.00328190
-91.46666658	0.00460290
-91.43333325	0.00576553
-91.39999992	0.00649397
-91.36666658	0.00675446
-91.33333325	0.00650853
-91.29999992	0.00591246
-91.26666658	0.00469540
-91.23333325	0.00325896
-91.19999992	0.00152827
-91.16666658	-0.00036011
-91.13333325	-0.00226907
-91.09999992	-0.00402754
-91.06666658	-0.00563415
-91.03333325	-0.00722796
-90.99999992	-0.00843129
-90.96666658	-0.00948339
-90.93333325	-0.01028717
-90.89999992	-0.01104844
-90.86666658	-0.01147405
-90.83333325	-0.01181298
-90.79999992	-0.01210838
-90.76666658	-0.01220674
-90.73333325	-0.01210128
-90.69999992	-0.01161241
-90.66666658	-0.01102638
-90.63333325	-0.00991445
-90.59999992	-0.00849856
-90.56666658	-0.00674574
-90.53333325	-0.00467603
-90.49999992	-0.00237156
-90.46666658	-0.00007083
-90.43333325	0.00198258
-90.39999992	0.00398791
-90.36666658	0.00554621
-90.33333325	0.00659949
-90.29999992	0.00723337
-90.26666658	0.00751332
-90.23333325	0.00734414
-90.19999992	0.00679475
-90.16666658	0.00597976
-90.13333325	0.00501436
-90.09999992	0.00398996
-90.06666658	0.00288395
-90.03333325	0.00205308
-89.99999992	0.00136595
-89.96666658	0.00100388
-89.93333325	0.00097343
-89.89999992	0.00127646
-89.86666658	0.00192590
-89.83333325	0.00273554
-89.79999992	0.00371892
-89.76666658	0.00472635
-89.73333325	0.00585894
-89.69999991	0.00678479
-89.66666658	0.00741597
-89.63333325	0.00786342
-89.59999991	0.00783090
-89.56666658	0.00730193
-89.53333325	0.00646317
-89.49999991	0.00504530
-89.46666658	0.00323099
-89.43333325	0.00116588
-89.39999991	-0.00114202
-89.36666658	-0.00347264
-89.33333325	-0.00563198
-89.29999991	-0.00759967
-89.26666658	-0.00933877
-89.23333325	-0.01063247
-89.19999991	-0.01145272
-89.16666658	-0.01191551
-89.13333325	-0.01195040
-89.09999991	-0.01183884
-89.06666658	-0.01129960
-89.03333325	-0.01056775
-88.99999991	-0.00990633
-88.96666658	-0.00891125
-88.93333325	-0.00783638
-88.89999991	-0.00673468
-88.86666658	-0.00555662
-88.83333325	-0.00450535
-88.79999991	-0.00327189
-88.76666658	-0.00222091
-88.73333325	-0.00103590
-88.69999991	0.00006032
-88.66666658	0.00097605
-88.63333325	0.00211672
-88.59999991	0.00289307
-88.56666658	0.00353717
-88.53333325	0.00407953
-88.49999991	0.00428316
-88.46666658	0.00424698
-88.43333325	0.00396240
-88.39999991	0.00328129
-88.36666658	0.00249829
-88.33333325	0.00152764
-88.29999991	0.00023110
-88.26666658	-0.00069113
-88.23333325	-0.00164786
-88.19999991	-0.00223419
-88.16666658	-0.00274367
-88.13333325	-0.00294361
-88.09999991	-0.00272622
-88.06666658	-0.00215326
-88.03333325	-0.00149061
-87.99999991	-0.00067651
-87.96666658	0.00029687
-87.93333325	0.00113880
-87.89999991	0.00170841
-87.86666658	0.00218531
-87.83333325	0.00229397
-87.79999991	0.00227658
-87.76666658	0.00200887
-87.73333325	0.00142951
-87.69999991	0.00068001
-87.66666658	-0.00012865
-87.63333325	-0.00102123
-87.59999991	-0.00183946
-87.56666658	-0.00281329
-87.53333325	-0.00368587
-87.49999991	-0.00429377
-87.46666658	-0.00503512
-87.43333325	-0.00554446
-87.39999991	-0.00618381
-87.36666658	-0.00645167
-87.33333325	-0.00671147
-87.29999991	-0.00674889
-87.26666658	-0.00657345
-87.23333325	-0.00636381
-87.19999991	-0.00608982
-87.16666658	-0.00567771
-87.13333325	-0.00523381
-87.09999991	-0.00489180
-87.06666658	-0.00467763
-87.03333325	-0.00450966
-86.99999991	-0.00446396
-86.96666658	-0.00445852
-86.93333325	-0.00427569
-86.89999991	-0.00403844
-86.86666658	-0.00368641
-86.83333325	-0.00310717
-86.79999991	-0.00233233
-86.76666658	-0.00129656
-86.73333325	-0.00019464
-86.69999991	0.00090686
-86.66666658	0.00204612
-86.63333325	0.00291486
-86.59999991	0.00353917
-86.56666658	0.00393563
-86.53333325	0.00400024
-86.49999991	0.00388833
-86.46666658	0.00357917
-86.43333325	0.00323098
-86.39999991	0.00297189
-86.36666658	0.00284899
-86.33333325	0.00297798
-86.29999991	0.00336839
-86.26666658	0.00395413
-86.23333324	0.00470976
-86.19999991	0.00553291
-86.16666658	0.00629031
-86.13333324	0.00689219
-86.09999991	0.00732065
-86.06666658	0.00766149
-86.03333324	0.00734618
-85.99999991	0.00703101
-85.96666658	0.00636335
-85.93333324	0.00539933
-85.89999991	0.00429075
-85.86666658	0.00303312
-85.83333324	0.00166691
-85.79999991	0.00039027
-85.76666658	-0.00083539
-85.73333324	-0.00192439
-85.69999991	-0.00275524
-85.66666658	-0.00353215
-85.63333324	-0.00386697
-85.59999991	-0.00419053
-85.56666658	-0.00444124
-85.53333324	-0.00441940
-85.49999991	-0.00448305
-85.46666658	-0.00436361
-85.43333324	-0.00442149
-85.39999991	-0.00446255
-85.36666658	-0.00457549
-85.33333324	-0.00483549
-85.29999991	-0.00509589
-85.26666658	-0.00535210
-85.23333324	-0.00546132
-85.19999991	-0.00552515
-85.16666658	-0.00522611
-85.13333324	-0.00470051
-85.09999991	-0.00405734
-85.06666658	-0.00320961
-85.03333324	-0.00240897
-84.99999991	-0.00130401
-84.96666658	-0.00045233
-84.93333324	0.00035467
-84.89999991	0.00088968
-84.86666658	0.00150976
-84.83333324	0.00178463
-84.79999991	0.00195055
-84.76666658	0.00210794
-84.73333324	0.00214688
-84.69999991	0.00220730
-84.66666658	0.00227666
-84.63333324	0.00235650
-84.59999991	0.00247307
-84.56666658	0.00258194
-84.53333324	0.00282178
-84.49999991	0.00287811
-84.46666658	0.00304949
-84.43333324	0.00307171
-84.39999991	0.00300857
-84.36666658	0.00282920
-84.33333324	0.00248637
-84.29999991	0.00194565
-84.26666658	0.00113558
-84.23333324	0.00038837
-84.19999991	-0.00046798
-84.16666658	-0.00137822
-84.13333324	-0.00240820
-84.09999991	-0.00324689
-84.06666658	-0.00431070
-84.03333324	-0.00522448
-83.99999991	-0.00606086
-83.96666658	-0.00696262
-83.93333324	-0.00750381
-83.89999991	-0.00795854
-83.86666658	-0.00823812
-83.83333324	-0.00833851
-83.79999991	-0.00821640
-83.76666658	-0.00782600
-83.73333324	-0.00729488
-83.69999991	-0.00670762
-83.66666658	-0.00583496
-83.63333324	-0.00484923
-83.59999991	-0.00400860
-83.56666658	-0.00303813
-83.53333324	-0.00222427
-83.49999991	-0.00144116
-83.46666658	-0.00071195
-83.43333324	-0.00014791
-83.39999991	0.00023647
-83.36666658	0.00065956
-83.33333324	0.00097514
-83.29999991	0.00120078
-83.26666658	0.00156380
-83.23333324	0.00163814
-83.19999991	0.00168964
-83.16666658	0.00179014
-83.13333324	0.00185633
-83.09999991	0.00174497
-83.06666658	0.00152637
-83.03333324	0.00124928
-82.99999991	0.00102399
-82.96666658	0.00069859
-82.93333324	0.00037227
-82.89999991	0.00013129
-82.86666658	-0.00003699
-82.83333324	0.00005491
-82.79999991	0.00038675
-82.76666657	0.00076720
-82.73333324	0.00139744
-82.69999991	0.00217979
-82.66666657	0.00294084
-82.63333324	0.00359352
-82.59999991	0.00413199
-82.56666657	0.00443552
-82.53333324	0.00434699
-82.49999991	0.00396355
-82.46666657	0.00330607
-82.43333324	0.00233037
-82.39999991	0.00154837
-82.36666657	0.00061179
-82.33333324	-0.00014735
-82.29999991	-0.00075664
-82.26666657	-0.00112582
-82.23333324	-0.00143603
-82.19999991	-0.00160457
-82.16666657	-0.00173504
-82.13333324	-0.00207193
-82.09999991	-0.00254687
-82.06666657	-0.00324879
-82.03333324	-0.00396942
-81.99999991	-0.00477560
-81.96666657	-0.00566767
-81.93333324	-0.00644358
-81.89999991	-0.00705905
-81.86666657	-0.00752380
-81.83333324	-0.00772281
-81.79999991	-0.00763165
-81.76666657	-0.00756897
-81.73333324	-0.00696374
-81.69999991	-0.00637185
-81.66666657	-0.00561166
-81.63333324	-0.00493579
-81.59999991	-0.00428094
-81.56666657	-0.00358498
-81.53333324	-0.00312304
-81.49999991	-0.00259193
-81.46666657	-0.00232342
-81.43333324	-0.00207732
-81.39999991	-0.00189590
-81.36666657	-0.00185894
-81.33333324	-0.00203299
-81.29999991	-0.00236467
-81.26666657	-0.00286778
-81.23333324	-0.00341939
-81.19999991	-0.00404448
-81.16666657	-0.00462657
-81.13333324	-0.00498550
-81.09999991	-0.00519564
-81.06666657	-0.00523215
-81.03333324	-0.00500638
-80.99999991	-0.00447320
-80.96666657	-0.00376037
-80.93333324	-0.00285996
-80.89999991	-0.00201669
-80.86666657	-0.00117796
-80.83333324	-0.00052349
-80.79999991	-0.00013920
-80.76666657	-0.00014649
-80.73333324	-0.00040445
-80.69999991	-0.00068252
-80.66666657	-0.00158616
-80.63333324	-0.00214186
-80.59999991	-0.00302332
-80.56666657	-0.00378998
-80.53333324	-0.00426552
-80.49999991	-0.00473666
-80.46666657	-0.00512245
-80.43333324	-0.00533751
-80.39999991	-0.00538530
-80.36666657	-0.00552843
-80.33333324	-0.00554165
-80.29999991	-0.00586753
-80.26666657	-0.00618353
-80.23333324	-0.00667810
-80.19999991	-0.00734785
-80.16666657	-0.00794175
-80.13333324	-0.00870467
-80.09999991	-0.00934779
-80.06666657	-0.00989048
-80.03333324	-0.01011272
-79.99999991	-0.01015885
-79.96666657	-0.00984332
-79.93333324	-0.00937871
-79.89999991	-0.00877069
-79.86666657	-0.00778947
-79.83333324	-0.00674220
-79.79999991	-0.00532764
-79.76666657	-0.00383543
-79.73333324	-0.00234259
-79.69999991	-0.00087244
-79.66666657	0.00047469
-79.63333324	0.00157104
-79.59999991	0.00245570
-79.56666657	0.00305894
-79.53333324	0.00330978
-79.49999991	0.00345699
-79.46666657	0.00351924
-79.43333324	0.00350226
-79.39999990	0.00354188
-79.36666657	0.00353512
-79.33333324	0.00370899
-79.29999990	0.00386212
-79.26666657	0.00406148
-79.23333324	0.00429162
-79.19999990	0.00451359
-79.16666657	0.00475882
-79.13333324	0.00473119
-79.09999990	0.00467265
-79.06666657	0.00444230
-79.03333324	0.00409704
-78.99999990	0.00346404
-78.96666657	0.00272898
-78.93333324	0.00199826
-78.89999990	0.00111813
-78.86666657	0.00044255
-78.83333324	-0.00027216
-78.79999990	-0.00080019
-78.76666657	-0.00121977
-78.73333324	-0.00150169
-78.69999990	-0.00161432
-78.66666657	-0.00168306
-78.63333324	-0.00159784
-78.59999990	-0.00143625
-78.56666657	-0.00120246
-78.53333324	-0.00103628
-78.49999990	-0.00079832
-78.46666657	-0.00056575
-78.43333324	-0.00047983
-78.39999990	-0.00039329
-78.36666657	-0.00049099
-78.33333324	-0.00066846
-78.29999990	-0.00097798
-78.26666657	-0.00128738
-78.23333324	-0.00158865
-78.19999990	-0.00176138
-78.16666657	-0.00187146
-78.13333324	-0.00166355
-78.09999990	-0.00142458
-78.06666657	-0.00088960
-78.03333324	-0.00008290
-77.99999990	0.00080600
-77.96666657	0.00182872
-77.93333324	0.00287976
-77.89999990	0.00396204
-77.86666657	0.00507083
-77.83333324	0.00594321
-77.79999990	0.00671375
-77.76666657	0.00717557
-77.73333324	0.00753550
-77.69999990	0.00763363
-77.66666657	0.00752608
-77.63333324	0.00723062
-77.59999990	0.00698467
-77.56666657	0.00658036
-77.53333324	0.00632300
-77.49999990	0.00605230
-77.46666657	0.00612780
-77.43333324	0.00617013
-77.39999990	0.00643588
-77.36666657	0.00662230
-77.33333324	0.00700782
-77.29999990	0.00723222
-77.26666657	0.00742605
-77.23333324	0.00755650
-77.19999990	0.00747354
-77.16666657	0.00726811
-77.13333324	0.00693874
-77.09999990	0.00656412
-77.06666657	0.00603718
-77.03333324	0.00575182
-76.99999990	0.00547327
-76.96666657	0.00531529
-76.93333324	0.00515649
-76.89999990	0.00514542
-76.86666657	0.00520670
-76.83333324	0.00535339
-76.79999990	0.00540027
-76.76666657	0.00546549
-76.73333324	0.00549829
-76.69999990	0.00534233
-76.66666657	0.00510214
-76.63333324	0.00464320
-76.59999990	0.00402983
-76.56666657	0.00336119
-76.53333324	0.00250198
-76.49999990	0.00153822
-76.46666657	0.00060136
-76.43333324	-0.00030331
-76.39999990	-0.00089419
-76.36666657	-0.00141931
-76.33333324	-0.00158267
-76.29999990	-0.00153006
-76.26666657	-0.00118004
-76.23333324	-0.00074837
-76.19999990	-0.00010608
-76.16666657	0.00073635
-76.13333324	0.00143017
-76.09999990	0.00223403
-76.06666657	0.00291575
-76.03333324	0.00346789
-75.99999990	0.00386079
-75.96666657	0.00415622
-75.93333323	0.00408960
-75.89999990	0.00405333
-75.86666657	0.00385071
-75.83333323	0.00350183
-75.79999990	0.00314854
-75.76666657	0.00278339
-75.73333323	0.00251813
-75.69999990	0.00230931
-75.66666657	0.00213018
-75.63333323	0.00217521
-75.59999990	0.00228734
-75.56666657	0.00235970
-75.53333323	0.00242736
-75.49999990	0.00265102
-75.46666657	0.00289622
-75.43333323	0.00318603
-75.39999990	0.00318332
-75.36666657	0.00344018
-75.33333323	0.00354044
-75.29999990	0.00338758
-75.26666657	0.00334177
-75.23333323	0.00291643
-75.19999990	0.00235676
-75.16666657	0.00178419
-75.13333323	0.00087589
-75.09999990	-0.00001441
-75.06666657	-0.00102064
-75.03333323	-0.00218000
-74.99999990	-0.00325924
-74.96666657	-0.00428360
-74.93333323	-0.00544030
-74.89999990	-0.00656824
-74.86666657	-0.00761081
-74.83333323	-0.00853518
-74.79999990	-0.00935005
-74.76666657	-0.00985869
-74.73333323	-0.01030483
-74.69999990	-0.01051464
-74.66666657	-0.01059496
